2008070.0008  7
 243 137.93772   6.62507 2000.0 16.600 2008-03-10  2.99443 
 244 138.09019   6.59916 2000.0 16.130 2008-03-10  3.00499 
 245 138.24276   6.57289 2000.0 17.000 2008-03-10  3.01553 
 246 138.39564   6.54669 2000.0 16.720 2008-03-10  3.02608 
 248 138.70096   6.49452 2000.0 16.920 2008-03-10  3.04719 
 249 138.85365   6.46917 2000.0 16.840 2008-03-10  3.05775 
 250 139.00694   6.44346 2000.0 16.740 2008-03-10  3.06830
 113 142.71282   5.80968 2000.0 99.999 2008-03-10  3.32252 
 114 142.91833   5.77438 2000.0 99.999 2008-03-10  3.33659 
 115 143.12386   5.73902 2000.0 99.999 2008-03-10  3.35065 
 116 143.32939   5.70367 2000.0 99.999 2008-03-10  3.36472 
 117 143.53534   5.66828 2000.0 99.999 2008-03-10  3.37878
 123 146.61133   5.13846 2000.0 99.999 2008-03-10  3.58859 
 124 146.81767   5.10280 2000.0 99.999 2008-03-10  3.60265 
 125 147.02487   5.06708 2000.0 99.999 2008-03-10  3.61671 
 126 147.23166   5.03139 2000.0 99.999 2008-03-10  3.63077 
 127 147.43886   4.99559 2000.0 99.999 2008-03-10  3.64484
 133 150.54903   4.45855 2000.0 99.999 2008-03-10  3.85546 
 134 150.75739   4.42275 2000.0 99.999 2008-03-10  3.86952 
 135 150.96574   4.38691 2000.0 99.999 2008-03-10  3.88358 
 136 151.17410   4.35105 2000.0 99.999 2008-03-10  3.89765 
 137 151.38290   4.31514 2000.0 99.999 2008-03-10  3.91171 
 138 152.02137   4.20503 2000.0 99.999 2008-03-10  3.95470 
 139 152.27144   4.16209 2000.0 99.999 2008-03-10  3.97155 
 140 152.52193   4.11859 2000.0 99.999 2008-03-10  3.98839 
 141 152.77200   4.07553 2000.0 99.999 2008-03-10  4.00523 
 142 153.02248   4.03256 2000.0 99.999 2008-03-10  4.02207 
 143 153.25255   3.99315 2000.0 99.999 2008-03-10  4.03754 
 144 153.46223   3.95696 2000.0 99.999 2008-03-10  4.05161 
 145 153.67147   3.92109 2000.0 99.999 2008-03-10  4.06567 
 146 153.88114   3.88468 2000.0 99.999 2008-03-10  4.07973 
 147 154.09082   3.84868 2000.0 99.999 2008-03-10  4.09379 
 148 154.30091   3.81271 2000.0 99.999 2008-03-10  4.10787 
 149 154.51059   3.77630 2000.0 99.999 2008-03-10  4.12194 
 150 154.72071   3.74038 2000.0 99.999 2008-03-10  4.13600 
 151 154.93041   3.70452 2000.0 99.999 2008-03-10  4.15006 
 152 155.14094   3.66849 2000.0 99.999 2008-03-10  4.16413 
 153 155.35106   3.63249 2000.0 99.999 2008-03-10  4.17821 
 154 155.56117   3.59646 2000.0 99.999 2008-03-10  4.19228 
 155 155.77129   3.56058 2000.0 99.999 2008-03-10  4.20634 
 156 155.98185   3.52474 2000.0 99.999 2008-03-10  4.22040 
 157 156.19240   3.48841 2000.0 99.999 2008-03-10  4.23446
 208 174.06711   0.54934 2000.0 99.999 2008-03-10  5.40728 
 209 174.28545   0.51559 2000.0 99.999 2008-03-10  5.42135 
 210 174.50380   0.48187 2000.0 99.999 2008-03-10  5.43541 
 211 174.72260   0.44809 2000.0 99.999 2008-03-10  5.44948 
 212 174.94140   0.41434 2000.0 99.999 2008-03-10  5.46354
 308 208.98163  -3.74050 2000.0 99.999 2008-03-10  7.58848 
 309 209.21329  -3.75983 2000.0 99.999 2008-03-10  7.60255 
 310 209.44496  -3.77870 2000.0 99.999 2008-03-10  7.61660 
 311 209.67575  -3.79759 2000.0 99.999 2008-03-10  7.63067 
 312 209.90783  -3.81649 2000.0 99.999 2008-03-10  7.64474 
 377 231.40879  -4.91966 2000.0 99.999 2008-03-10  8.93917 
 378 231.64421  -4.92419 2000.0 99.999 2008-03-10  8.95324 
 379 231.87962  -4.92878 2000.0 99.999 2008-03-10  8.96730 
 380 232.11460  -4.93334 2000.0 99.999 2008-03-10  8.98136 
 381 232.34960  -4.93746 2000.0 99.999 2008-03-10  8.99542
  17  98.21634  12.29053 2000.0 99.999 2008-03-11  0.45709 
  18  98.41009  12.26903 2000.0 99.999 2008-03-11  0.47116 
  20  98.79847  12.22593 2000.0 99.999 2008-03-11  0.49929 
  21  99.25974  12.17453 2000.0 99.999 2008-03-11  0.53271 
  22  99.45393  12.15262 2000.0 99.999 2008-03-11  0.54678 
  23  99.64768  12.13063 2000.0 99.999 2008-03-11  0.56084 
  25 100.03606  12.08659 2000.0 99.999 2008-03-11  0.58897 
  16  98.71368  12.23264 2000.0 99.999 2008-03-11  0.49326 
  18  99.04391  12.19563 2000.0 99.999 2008-03-11  0.51715 
  19  99.20891  12.17688 2000.0 99.999 2008-03-11  0.52909 
  20  99.37349  12.15879 2000.0 99.999 2008-03-11  0.54103 
  26 103.94188  11.62395 2000.0 99.999 2008-03-11  0.87147 
  27 104.13688  11.60017 2000.0 99.999 2008-03-11  0.88553 
  28 104.33190  11.57645 2000.0 99.999 2008-03-11  0.89959 
  29 104.52648  11.55226 2000.0 99.999 2008-03-11  0.91366 
  30 104.72151  11.52810 2000.0 99.999 2008-03-11  0.92772 
  31 105.15447  11.47411 2000.0 99.999 2008-03-11  0.95892 
  32 105.34949  11.44981 2000.0 99.999 2008-03-11  0.97298 
  33 105.54493  11.42513 2000.0 99.999 2008-03-11  0.98704 
  34 105.73996  11.40088 2000.0 99.999 2008-03-11  1.00111 
  35 105.93498  11.37617 2000.0 99.999 2008-03-11  1.01517 
  43 108.30037  11.07098 2000.0 99.999 2008-03-11  1.18529 
  44 108.49623  11.04475 2000.0 99.999 2008-03-11  1.19935 
  45 108.69167  11.01884 2000.0 99.999 2008-03-11  1.21341 
  46 108.88797  10.99293 2000.0 99.999 2008-03-11  1.22749 
  47 109.08426  10.96705 2000.0 99.999 2008-03-11  1.24156 
  48 109.28014  10.94117 2000.0 99.999 2008-03-11  1.25562 
  49 109.47600  10.91488 2000.0 99.999 2008-03-11  1.26969 
  50 109.67186  10.88859 2000.0 99.999 2008-03-11  1.28375 
  52 110.06401  10.83606 2000.0 99.999 2008-03-11  1.31190 
  53 110.25989  10.80977 2000.0 99.999 2008-03-11  1.32596 
  54 110.45619  10.78298 2000.0 99.999 2008-03-11  1.34003 
  55 110.65207  10.75660 2000.0 99.999 2008-03-11  1.35408 
 182 146.89830   4.96614 2000.0 99.999 2008-03-11  3.88832 
 183 147.10538   4.93047 2000.0 99.999 2008-03-11  3.90238 
 184 147.31290   4.89477 2000.0 99.999 2008-03-11  3.91645 
 185 147.51999   4.85911 2000.0 99.999 2008-03-11  3.93051 
 186 147.72709   4.82350 2000.0 99.999 2008-03-11  3.94457 
 187 148.28094   4.72775 2000.0 99.999 2008-03-11  3.98207 
 188 148.48846   4.69197 2000.0 99.999 2008-03-11  3.99614 
 189 148.69642   4.65628 2000.0 99.999 2008-03-11  4.01019 
 190 148.90397   4.62023 2000.0 99.999 2008-03-11  4.02426 
 191 149.11193   4.58415 2000.0 99.999 2008-03-11  4.03832 
 306 207.51587  -3.72819 2000.0 99.999 2008-03-12  8.05562 
 307 207.74671  -3.74711 2000.0 99.999 2008-03-12  8.06968 
 308 207.97754  -3.76647 2000.0 99.999 2008-03-12  8.08374 
 309 208.20837  -3.78537 2000.0 99.999 2008-03-12  8.09781 
 310 208.43921  -3.80429 2000.0 99.999 2008-03-12  8.11188
  68 107.43284  10.96824 2000.0 99.999 2008-03-13  1.68861 
  69 107.62912  10.94205 2000.0 99.999 2008-03-13  1.70268 
  70 107.82583  10.91627 2000.0 99.999 2008-03-13  1.71674 
  71 108.02254  10.89011 2000.0 99.999 2008-03-13  1.73081 
  72 108.21882  10.86395 2000.0 99.999 2008-03-13  1.74487 
  73 108.99859  10.75936 2000.0 99.999 2008-03-13  1.80063 
  75 109.46995  10.69582 2000.0 99.999 2008-03-13  1.83431 
  76 109.70586  10.66364 2000.0 99.999 2008-03-13  1.85116 
  77 109.94176  10.63143 2000.0 99.999 2008-03-13  1.86800 
  78 110.15806  10.60172 2000.0 99.999 2008-03-13  1.88347 
  79 110.35477  10.57463 2000.0 99.999 2008-03-13  1.89754 
  80 110.55192  10.54791 2000.0 99.999 2008-03-13  1.91160 
  81 110.74864  10.52038 2000.0 99.999 2008-03-13  1.92566 
  82 110.94579  10.49289 2000.0 99.999 2008-03-13  1.93972 
  83 111.14338  10.46577 2000.0 99.999 2008-03-13  1.95380 
  84 111.34010  10.43823 2000.0 99.999 2008-03-13  1.96787 
  85 111.53769  10.41066 2000.0 99.999 2008-03-13  1.98193 
  86 111.73484  10.38307 2000.0 99.999 2008-03-13  1.99599 
  87 111.93200  10.35534 2000.0 99.999 2008-03-13  2.01006 
  88 112.12915  10.32769 2000.0 99.999 2008-03-13  2.02413 
  89 112.32674  10.30015 2000.0 99.999 2008-03-13  2.03820 
  90 112.52390  10.27215 2000.0 99.999 2008-03-13  2.05227 
  91 112.72149  10.24461 2000.0 99.999 2008-03-13  2.06633 
  92 113.09992  10.19280 2000.0 99.999 2008-03-13  2.08039  
  
