ALSAT 1                 
1 27559U 02054A   13127.64856946  .00000625  00000-0  11085-3 0  7901
2 27559  97.7683 328.4879 0024390 134.3775 265.9552 14.70278586558357
NIGERIASAT 1            
1 27941U 03042C   13128.52681885  .00001095  00000-0  15175-3 0  8334
2 27941  97.7931 333.8376 0053444  71.6080 289.0967 14.78990120514435
UK-DMC                  
1 27942U 03042D   13128.18236257  .00000654  00000-0  97729-4 0  8804
2 27942  97.7785 335.3183 0063638 272.2791 204.5162 14.76722849514551
BILSAT 1                
1 27943U 03042E   13128.57745102  .00000348  00000-0  75841-4 0  6698
2 27943  97.8003 315.9626 0010682 325.8555  34.1970 14.63400056513367
BEIJING 1               
1 28890U 05043A   13128.54965616  .00000287  00000-0  68154-4 0  5492
2 28890  97.8596 343.6981 0014954 198.3164 161.7532 14.60472024401338
HJ-1A                   
1 33320U 08041A   13128.48586056  .00001195  00000-0  18499-3 0  1601
2 33320  97.8222 192.8946 0027320 174.2462 185.9072 14.74753494251426
HJ-1B                   
1 33321U 08041B   13128.45465401  .00001250  00000-0  19245-3 0  2196
2 33321  97.8248 193.1971 0036452 192.0324 168.0016 14.74756393251407
YAOGAN 4                
1 33446U 08061A   13128.51716630  .00000702  00000-0  11196-3 0  9179
2 33446  97.7425 184.5962 0018412 127.1759 233.1145 14.74697904238697
YAOGAN 5                
1 33456U 08064A   13129.44971222  .00022611  00000-0  48383-3 0  9278
2 33456  97.2173 203.3861 0007200   9.9277  44.6921 15.44782710245688
DEIMOS-1                
1 35681U 09041A   13128.56980281  .00000540  00000-0  98279-4 0  1856
2 35681  98.0076  28.0346 0001851  96.8183 263.3243 14.69930248202539
UK-DMC 2                
1 35683U 09041C   13128.53901067  .00000465  00000-0  85626-4 0  2062
2 35683  98.0075  27.0953 0001143 104.3325 255.8017 14.69972798202452
RISAT 1                 
1 38248U 12017A   13129.62952635 -.00016297  00000-0 -10330-2 0  1752
2 38248  97.5941 136.8627 0002559 112.2375 352.2547 15.08890394 57105
