SAUDISAT 1A             
1 26545U 00057A   13127.80061756  .00000769  00000-0  11246-3 0  4636
2 26545  64.5572  56.6582 0055972 259.0164 143.0101 14.82115719681598
UNISAT                  
1 26547U 00057C   13128.23857387  .00001280  00000-0  16269-3 0  4829
2 26547  64.5547  25.3492 0060657 261.7658 243.5432 14.84975138682279
SAUDISAT 1B             
1 26549U 00057E   13128.36402071  .00000798  00000-0  11891-3 0  5517
2 26549  64.5567  79.6178 0060403 261.4668 242.4240 14.80891728681174
MOZHAYETS               
1 27560U 02054B   13128.46324630  .00000723  00000-0  17238-3 0  5367
2 27560  97.9974 282.7092 0043537 101.2982 259.3109 14.55960982553474
SAUDISAT 1C             
1 27607U 02058C   13128.14183911  .00000693  00000-0  12710-3 0   599
2 27607  64.5584  26.0446 0050122 176.4104 330.3706 14.72889593557815
UNISAT 2                
1 27608U 02058D   13127.09005456  .00000759  00000-0  13020-3 0   712
2 27608  64.5575 334.8929 0031058 175.5657 328.5857 14.75669843558793
SAUDISAT 2              
1 28371U 04025F   13128.40137443  .00000409  00000-0  10826-3 0  9176
2 28371  97.9406 122.7287 0025136 317.8934  42.0344 14.53395803469769
UNISAT 3                
1 28373U 04025H   13127.83151078  .00000513  00000-0  15714-3 0  5201
2 28373  98.1491  92.5061 0071787  94.2153 298.0846 14.44097283467099
SSETI EXPRESS (XO-53)   
1 28894U 05043E   13128.17559286  .00000335  00000-0  78222-4 0  6826
2 28894  97.8658 343.2357 0017122 207.0057 300.9205 14.60306950401173
SAUDISAT 3              
1 31118U 07012B   13128.44076777  .00000304  00000-0  60514-4 0  5220
2 31118  97.8229 178.2772 0016461  35.4995 324.7309 14.68397023324718
