GORIZONT 25             
1 21922U 92017A   13126.05963197 -.00000343  00000-0  10000-3 0  7755
2 21922  13.8955  27.0826 0028399 349.4907  10.3827  0.99857482 77110
GORIZONT 26             
1 22041U 92043A   13127.81424627  .00000055  00000-0  10000-3 0  4028
2 22041  13.8280  28.5297 0030432 136.1455 224.0196  0.99241105 75976
GORIZONT 27             
1 22245U 92082A   13127.71776909  .00000075  00000-0  00000+0 0  8963
2 22245  13.7458  29.1210 0009662 275.9820 232.6599  1.00147046 79179
GORIZONT 28             
1 22880U 93069A   13126.76822651 -.00000014  00000-0  10000-3 0  7849
2 22880  13.4045  32.3666 0036299  39.5420 320.6436  0.99647751 71412
GORIZONT 29             
1 22907U 93072A   13127.96890547 -.00000015  00000-0  10000-3 0  1042
2 22907  13.3691  32.2563 0007888 251.0382 108.7785  1.00164606 71253
GORIZONT 30             
1 23108U 94030A   13127.14941123 -.00000375  00000-0  10000-3 0  9067
2 23108  13.2486  33.3322 0003446  73.3997 286.5575  1.00185115 69477
GORIZONT 31             
1 23775U 96005A   13125.84005124  .00000056  00000-0  10000-3 0  4103
2 23775  12.3943  38.7984 0020511 100.3238 259.8226  0.99885054 63206
GORIZONT 32             
1 23880U 96034A   13128.28408441 -.00000082  00000-0  10000-3 0  2582
2 23880  12.2730  39.5767 0006445 255.8984 286.0946  1.00141949 62074
GORIZONT 33             
1 26372U 00029A   13128.20173802 -.00000135  00000-0  00000+0 0   685
2 26372   9.7525  48.4154 0004536  23.4764 123.2629  1.00388926 47407
