LANDSAT 5               
1 14780U 84021A   13127.99431869  .00000592  00000-0  82691-4 0  9488
2 14780  98.1006 193.0259 0070382  54.3783 310.0397 14.79877683552381
SPOT 2                  
1 20436U 90005A   13128.49366980  .00001437  00000-0  24549-3 0  5234
2 20436  98.7249 286.1725 0151094 229.0059 129.7993 14.63512311213287
SCD 1                   
1 22490U 93009B   13128.48517575  .00000385  00000-0  57937-4 0  1279
2 22490  24.9684 181.8975 0043490 339.3372 150.8061 14.43857632 68425
ERS-2                   
1 23560U 95021A   13128.49756517  .00004648  00000-0  32452-3 0  6563
2 23560  98.5469 278.0532 0003400 319.8809  69.9961 15.05931446948280
RADARSAT-1              
1 23710U 95059A   13128.48906319  .00000337  00000-0  14758-3 0  6196
2 23710  98.5805 136.3502 0001156  91.0850  68.8441 14.29999883913934
TOMS EP                 
1 23940U 96037A   13128.53126385  .00000563  00000-0  14547-3 0  2453
2 23940  97.9224 308.3129 0027787 266.3671 126.5396 14.53196330895763
MIDORI (ADEOS)          
1 24277U 96046A   13127.95175340  .00000147  00000-0  75275-4 0  2181
2 24277  98.5525  71.2263 0002136  76.2843 332.2842 14.28882337871793
ORBVIEW 2 (SEASTAR)     
1 24883U 97037A   13127.75658038  .00000269  00000-0  11494-3 0   267
2 24883  98.4476 243.5359 0001941 199.2006 311.0221 14.32625817836868
IRS-1D                  
1 24971U 97057A   13128.40129981  .00000300  00000-0  12188-3 0  6869
2 24971  98.2283 111.1072 0054329  12.5562 347.6970 14.33305829816384
TRMM                    
1 25063U 97074A   13127.93407166  .00020683  00000-0  28911-3 0  3169
2 25063  34.9631 300.9551 0004870 329.8422  29.6300 15.55856859881538
SPOT 4                  
1 25260U 98017A   13128.44112473  .00000129  00000-0  79296-4 0  5097
2 25260  98.5152 184.9217 0001856  88.5338 271.6056 14.20890011784051
FASAT B                 
1 25395U 98043B   13127.84154867  .00000141  00000-0  78522-4 0  6176
2 25395  98.3619 104.8593 0002800  26.2622   3.1894 14.24648129770697
TECHSAT 1B (GO-32)      
1 25397U 98043D   13127.76703293  .00000056  00000-0  43183-4 0   648
2 25397  98.4111  97.2915 0002276  78.9775 331.4396 14.23336945770198
SCD 2                   
1 25504U 98060A   13127.14525868  .00000414  00000-0  67759-4 0  4365
2 25504  24.9970  24.3356 0017601  20.5417 133.0555 14.43465931767637
LANDSAT 7               
1 25682U 99020A   13128.34861017  .00000315  00000-0  79983-4 0  1157
2 25682  98.1943 198.3859 0000536  89.7826 270.3428 14.57119400748036
KITSAT 3                
1 25756U 99029A   13128.14455541  .00000197  00000-0  59240-4 0  1126
2 25756  98.5003  16.3829 0014701 157.8039 348.9651 14.52955100739453
DLR-TUBSAT              
1 25757U 99029B   13128.24613018  .00000068  00000-0  29070-4 0   734
2 25757  98.5431   9.5897 0014026 203.3903 156.6653 14.51036350738771
IRS-P4 (OCEANSAT 1)     
1 25758U 99029C   13128.17195064  .00000419  00000-0  11605-3 0  3471
2 25758  98.2441 219.3555 0002749 180.7940 209.9361 14.51353710738916
QUIKSCAT                
1 25789U 99034A   13127.60324574  .00000058  00000-0  41709-4 0  5928
2 25789  98.6201 318.0507 0001915  98.3988 305.5747 14.26996418723018
IKONOS 2                
1 25919U 99051A   13128.38554693  .00000544  00000-0  11158-3 0  9833
2 25919  98.1024 203.9644 0001076  85.1116 275.0209 14.64456484728060
CBERS 1 (ZY 1A)         
1 25940U 99057A   13128.47543060  .00000201  00000-0  85559-4 0  4707
2 25940  98.3142  86.2567 0006063 143.7381   4.9313 14.34791873710583
TERRA                   
1 25994U 99068A   13128.50104216  .00000436  00000-0  10686-3 0   948
2 25994  98.2084 204.0064 0001341  96.7502 263.3854 14.57133903712137
ARIRANG 1 (KOMPSAT-1)   
1 26032U 99070A   13128.53562335  .00000945  00000-0  17755-3 0   116
2 26032  97.7565 324.3220 0005912  47.9608 312.2112 14.66756956715731
EO-1                    
1 26619U 00075A   13128.45966985  .00001222  00000-0  24766-3 0  4443
2 26619  98.0336 191.7714 0010686 161.6268 198.5325 14.62937906663988
SAC-C                   
1 26620U 00075B   13128.16159075  .00000504  00000-0  12110-3 0  9028
2 26620  97.9294 106.5476 0001338 116.7302  15.6373 14.57189922662548
EROS A1                 
1 26631U 00079A   13128.53451909  .00010307  00000-0  61812-3 0  2530
2 26631  97.6157 202.8743 0012250 173.7032 311.5409 15.11085651689496
QUICKBIRD 2             
1 26953U 01047A   13128.44268716  .00016646  00000-0  39016-3 0  5913
2 26953  97.1754 193.1381 0001975 115.7507 300.9061 15.42150877648944
TES                     
1 26957U 01049A   13128.52248787  .00003060  00000-0  23291-3 0  5503
2 26957  97.7270 208.9795 0049931  87.7163 272.9776 15.01867300632418
JASON 1                 
1 26997U 01055A   13126.25824015 -.00000017  00000-0  18668-3 0  6554
2 26997  66.0417 358.8339 0008213 284.4271 196.8813 12.83922722533904
METEOR-3M               
1 27001U 01056A   13128.52307613 -.00000040  00000-0  19283-5 0  3193
2 27001  99.2135 300.9007 0012696 296.7222  95.7464 13.68748397569959
BADR-B                  
1 27003U 01056C   13127.66992199 -.00000036  00000-0  61956-5 0  3579
2 27003  99.1641 305.5278 0019316 289.4847 132.0693 13.70151621570470
MAROC-TUBSAT            
1 27004U 01056D   13128.52680653 -.00000040  00000-0  21282-5 0   935
2 27004  99.1668 305.4720 0018938 288.5403 104.2961 13.70065904570554
SPOT 5                  
1 27421U 02021A   13128.50280054  .00000170  00000-0  10000-3 0  4290
2 27421  98.6129 198.2754 0000990 103.8324 345.4654 14.20070372570883
AQUA                    
1 27424U 02022A   13128.48067637  .00000683  00000-0  16150-3 0  6597
2 27424  98.1979  70.4796 0001552  74.3370  74.5237 14.57153462585738
HAIYANG-1A              
1 27430U 02024A   13128.14115167  .00000204  00000-0  94543-4 0  2151
2 27430  98.2828 162.7669 0009051 191.0748 216.2587 14.30169554573135
ALSAT 1                 
1 27559U 02054A   13127.64856946  .00000625  00000-0  11085-3 0  7901
2 27559  97.7683 328.4879 0024390 134.3775 265.9552 14.70278586558357
MIDORI II (ADEOS-II)    
1 27597U 02056A   13128.12464377  .00000198  00000-0  98825-4 0    87
2 27597  98.2902 152.6889 0002187  93.4508 307.8468 14.26551363541347
IRS-P6 (RESOURCESAT-1)  
1 28051U 03046A   13128.46264787  .00000158  00000-0  92416-4 0   135
2 28051  98.7572 205.4405 0003746   6.8580 353.2652 14.21613660496053
CBERS 2 (ZY 1B)         
1 28057U 03049A   13128.46954156  .00000165  00000-0  72070-4 0  4608
2 28057  98.1593 130.9076 0001823  58.2495 301.8870 14.35062100500231
TANSUO 1 (TS 1)         
1 28220U 04012A   13127.82554272  .00002960  00000-0  29741-3 0  5090
2 28220  97.4970 107.0103 0012788 136.8652 274.7038 14.91913701491912
FORMOSAT-2 (ROCSAT 2)   
1 28254U 04018A   13129.20549635  .00000106  00000-0  10000-3 0   479
2 28254  98.9159 191.9045 0001071  95.0210 339.5038 14.00775424458607
AURA                    
1 28376U 04026A   13128.52650294  .00000874  00000-0  20387-3 0  7974
2 28376  98.2018  72.7269 0001006  97.1715 262.9572 14.57134648468796
PARASOL                 
1 28498U 04049G   13128.53494723  .00000703  00000-0  15603-3 0  6423
2 28498  98.4579 102.1067 0001598  85.5661 274.5718 14.60224876446329
IRS-P5 (CARTOSAT-1)     
1 28649U 05017A   13128.55678073  .00001226  00000-0  15573-3 0   196
2 28649  97.8729 204.0988 0001552 137.1252 223.0093 14.83443457433505
TOPSAT                  
1 28891U 05043B   13128.53462263  .00000377  00000-0  86941-4 0  3876
2 28891  97.8604 342.2437 0016418 203.5341 156.5123 14.60308041401259
SINAH 1                 
1 28893U 05043D   13129.15658985  .00000147  00000-0  39287-4 0  6795
2 28893  97.8680 345.4082 0015342 198.6654 273.0973 14.60519497401428
ALOS (DAICHI)           
1 28931U 06002A   13128.53825971  .00001032  00000-0  22255-3 0  1140
2 28931  98.0342 194.6850 0001759  55.8736 304.2641 14.60371361388258
EROS B                  
1 29079U 06014A   13129.08431950  .00009792  00000-0  47964-3 0  9264
2 29079  97.4408 248.2702 0007501 153.7338 321.2028 15.18336562390346
RSS-1 (YAOGAN 1)        
1 29092U 06015A   13127.62516825  .00000560  00000-0  78713-4 0  4078
2 29092  97.9531 120.4219 0001458 104.1673  30.7363 14.81206356379947
RESURS-DK 1             
1 29228U 06021A   13128.53812134  .00000702  00000-0  64169-4 0  7272
2 29228  69.9371 310.5691 0003580 168.0264 257.0326 14.99892808382880
ARIRANG 2 (KOMPSAT-2)   
1 29268U 06031A   13128.53503202  .00000695  00000-0  14764-3 0  5241
2 29268  98.2280  24.9160 0016322  47.7682 312.4904 14.62090860361726
LAPAN-TUBSAT            
1 29709U 07001A   13128.42385954  .00000544  00000-0  76716-4 0   298
2 29709  97.6310 150.6609 0012824 334.1882  25.8696 14.80902122341764
CARTOSAT-2 (IRS-P7)     
1 29710U 07001B   13128.41506824  .00001079  00000-0  15409-3 0    71
2 29710  97.9677 187.7350 0000251 257.4107 102.7078 14.78701421341414
HAIYANG-1B              
1 31113U 07010A   13128.44814126  .00000227  00000-0  10446-3 0  7528
2 31113  98.3616 182.6041 0015058 187.6694 172.4263 14.29866920317009
COSMO-SKYMED 1          
1 31598U 07023A   13129.49863219 -.00002990  00000-0 -36926-3 0  5791
2 31598  97.8726 315.3347 0001388  85.6706 274.4686 14.82148830320309
TERRASAR-X              
1 31698U 07026A   13128.16085403  .00002439  00000-0  11923-3 0  8664
2 31698  97.4458 136.2570 0001529  98.9618 261.1790 15.19169166326998
WORLDVIEW-1 (WV-1)      
1 32060U 07041A   13129.46475487  .00006544  00000-0  26869-3 0  2899
2 32060  97.3324 205.0123 0001318  97.8348  26.1046 15.24540643313770
CBERS 2B                
1 32062U 07042A   13129.27931257  .00000227  00000-0  86958-4 0  8617
2 32062  98.3401 199.6508 0032844  21.7363 338.5214 14.38966503295884
YAOGAN 3                
1 32289U 07055A   13128.46735630  .00000747  00000-0  10263-3 0   804
2 32289  97.9079 119.7455 0001240 107.8311 252.3044 14.81200071296604
COSMO-SKYMED 2          
1 32376U 07059A   13128.51973767  .00000237  00000-0  36344-4 0  9774
2 32376  97.8734 314.3718 0001483  80.1748 279.9644 14.82162489292900
RADARSAT-2              
1 32382U 07061A   13128.52685757  .00000214  00000-0  10000-3 0  9612
2 32382  98.5759 136.8828 0001213  88.0350  78.1285 14.29984611281827
CARTOSAT-2A             
1 32783U 08021A   13128.52768887  .00000831  00000-0  11994-3 0  5726
2 32783  97.8607 187.9641 0015956 126.8727 233.3963 14.78733148271372
IMS-1                   
1 32786U 08021D   13128.44692316  .00001935  00000-0  25815-3 0   608
2 32786  97.7560 182.1481 0014552  92.7973 267.4904 14.80634435271629
JASON 2 (OSTM)          
1 33105U 08032A   13128.18753336 -.00000046  00000-0  63284-4 0  6070
2 33105  66.0427 359.3892 0007804 274.6859 231.8693 12.80931446228347
RAPIDEYE 2              
1 33312U 08040A   13128.47486145  .00000803  00000-0  11311-3 0  2352
2 33312  97.9039 218.4152 0012384 176.0928 184.0384 14.79917859253418
RAPIDEYE 5              
1 33313U 08040B   13128.43225357  .00000833  00000-0  11690-3 0  2224
2 33313  97.8990 217.3802 0019152  59.2895 301.0200 14.79920225253351
RAPIDEYE 1              
1 33314U 08040C   13128.48808628  .00000857  00000-0  12000-3 0  2736
2 33314  97.9022 218.4247 0024355 192.2718 167.7907 14.79914915253403
RAPIDEYE 3              
1 33315U 08040D   13128.45821538  .00000792  00000-0  11161-3 0  2059
2 33315  97.8975 217.2890 0013830 128.0160 232.2301 14.79920242253366
RAPIDEYE 4              
1 33316U 08040E   13128.44388125  .00000813  00000-0  11442-3 0  1997
2 33316  97.8968 217.0640 0013686  79.0250 281.2499 14.79923188253357
HUANJING 1A (HJ-1A)     
1 33320U 08041A   13128.48586056  .00001195  00000-0  18499-3 0  1601
2 33320  97.8222 192.8946 0027320 174.2462 185.9072 14.74753494251426
HUANJING 1B (HJ-1B)     
1 33321U 08041B   13128.45465401  .00001250  00000-0  19245-3 0  2196
2 33321  97.8248 193.1971 0036452 192.0324 168.0016 14.74756393251407
GEOEYE 1                
1 33331U 08042A   13128.55583473  .00000444  00000-0  92845-4 0  1796
2 33331  98.1232 203.0644 0008718 287.8143  72.2111 14.64438329249504
THEOS                   
1 33396U 08049A   13128.49969988  .00000169  00000-0  10000-3 0  9734
2 33396  98.7573 196.4684 0001164 101.0840  23.7481 14.20001767238498
COSMO-SKYMED 3          
1 33412U 08054A   13128.50705558 -.00000257  00000-0 -25686-4 0    77
2 33412  97.8734 314.3581 0001571  84.8233 275.3077 14.82170723245366
YAOGAN 4                
1 33446U 08061A   13128.51716630  .00000702  00000-0  11196-3 0  9179
2 33446  97.7425 184.5962 0018412 127.1759 233.1145 14.74697904238697
YAOGAN 5                
1 33456U 08064A   13129.44971222  .00022611  00000-0  48383-3 0  9278
2 33456  97.2173 203.3861 0007200   9.9277  44.6921 15.44782710245688
GOSAT (IBUKI)           
1 33492U 09002A   13128.47526744 -.00000513  00000-0 -81976-4 0  4234
2 33492  98.0856 238.8239 0001593  58.1838 301.9563 14.67532158229726
YAOGAN 6                
1 34839U 09021A   13129.16421943  .00007639  00000-0  38011-3 0  5352
2 34839  97.3240 213.4675 0000841 137.4707 309.7349 15.17881373224416
RAZAKSAT                
1 35578U 09037A   13129.12945378  .00001222  00000-0  12049-3 0  2092
2 35578   8.9874  86.4734 0017435  29.6732 330.4445 14.65645559204916
DEIMOS-1                
1 35681U 09041A   13128.56980281  .00000540  00000-0  98279-4 0  1856
2 35681  98.0076  28.0346 0001851  96.8183 263.3243 14.69930248202539
OCEANSAT 2              
1 35931U 09051A   13128.49230206  .00000502  00000-0  13852-3 0  3484
2 35931  98.2765 224.9685 0003783 125.9438 294.1827 14.50864502191862
WORLDVIEW-2 (WV-2)      
1 35946U 09055A   13128.47553859  .00000120  00000-0  54546-4 0  9752
2 35946  98.4521 209.1434 0000725 123.8580 236.2683 14.37655748187873
SMOS                    
1 36036U 09059A   13127.55573825  .00000249  00000-0  93254-4 0   741
2 36036  98.4449 315.6235 0001117 108.7979 284.3292 14.39759761184548
YAOGAN 7                
1 36110U 09069A   13128.45771053  .00000179  00000-0  34830-4 0  7900
2 36110  98.0074 263.1892 0023654 234.7893 125.1105 14.74155156183677
TANDEM-X                
1 36605U 10030A   13128.90177169  .00000093  00000-0  76354-5 0  4558
2 36605  97.4450 136.9845 0001589  87.3775   2.1558 15.19150417159849
CARTOSAT 2B             
1 36795U 10035A   13128.43500548  .00000924  00000-0  13267-3 0  1666
2 36795  97.8624 189.7308 0015277 199.3356 160.7275 14.78736061152405
YAOGAN 10               
1 36834U 10038A   13128.52169828  .00000830  00000-0  11340-3 0   592
2 36834  97.8492 127.5240 0000898  66.8332 293.2964 14.81133495148365
COSMO-SKYMED 4          
1 37216U 10060A   13128.53663103  .00000596  00000-0  81373-4 0  8027
2 37216  97.8734 314.3885 0001547  74.7409 285.3986 14.82165712135455
SAC-D                   
1 37673U 11024A   13128.50448698  .00000486  00000-0  84592-4 0  6170
2 37673  98.0113 136.5079 0001384 100.5717  60.4734 14.72346124102683
RASAT                   
1 37791U 11044D   13128.47592454  .00000461  00000-0  97665-4 0  9462
2 37791  98.2020 211.9423 0022757 153.6996 206.5370 14.63624186 92166
MEGHA-TROPIQUES         
1 37838U 11058A   13127.51366375  .00000392  00000-0  71877-4 0  4032
2 37838  19.9764 207.1908 0009372 151.0358 335.9496 14.09688651 80968
SRMSAT                  
1 37841U 11058D   13128.53477141  .00000388  00000-0  68734-4 0  3844
2 37841  19.9706 198.3148 0011744 160.8667 333.1652 14.10220472 81164
YAOGAN 13               
1 37941U 11072A   13129.60787156  .00002091  00000-0  10103-3 0  6459
2 37941  97.3712  61.0569 0001865 106.1933  17.9667 15.19712973 80059
PLEIADES 1A             
1 38012U 11076F   13129.09479109  .00008782  00000-0  18973-2 0  5603
2 38012  98.2029 204.6884 0001730  98.4972 261.6577 14.58532806 74195
ZIYUAN 1-02C (ZY 1-02C) 
1 38038U 11079A   13128.48495459  .00000288  00000-0  11554-3 0  5312
2 38038  98.5030 205.5954 0000826  95.3700 264.7583 14.35371729 72218
ZIYUAN 3 (ZY 3)         
1 38046U 12001A   13128.49609057  .00006997  00000-0  31482-3 0  5112
2 38046  97.4395 205.7067 0005097  26.8014  99.2402 15.21400104 73799
RISAT 1                 
1 38248U 12017A   13129.62952635 -.00016297  00000-0 -10330-2 0  1752
2 38248  97.5941 136.8627 0002559 112.2375 352.2547 15.08890394 57105
ARIRANG 3 (KOMPSAT-3)   
1 38338U 12025B   13128.53822507  .00000645  00000-0  13862-3 0  7202
2 38338  98.1631  69.2222 0011381   2.4394 357.6843 14.61771162 51989
SPOT 6                  
1 38755U 12047A   13128.49372394  .00000449  00000-0  10642-3 0  8035
2 38755  98.1680 196.6453 0001210  71.1683 288.9650 14.58561324 35180
LANDSAT 8               
1 39084U 13008A   13127.56305588 -.00002457  00000-0 -53583-3 0  1337
2 39084  98.2127 199.1053 0001379  57.3175 302.8145 14.57089899 12388
SARAL                   
1 39086U 13009A   13128.16308107  .00000075  00000-0  43791-4 0  1138
2 39086  98.5249 317.3248 0001678  78.1840 281.9510 14.32260682 10251
