AOR-E (EGNOS/PRN 120)   
1 24307U 96053A   13127.30176929 -.00000137  00000-0  00000+0 0  7034
2 24307   0.1040  59.8396 0006888 355.9255 262.6640  1.00272624 61026
ARTEMIS (EGNOS/PRN 124) 
1 26863U 01029A   13126.97095884  .00000105  00000-0  00000+0 0  4901
2 26863  10.5547  50.3142 0003498  37.8776 147.7652  1.00277254 44396
MTSAT-1R (MSAS/PRN 129) 
1 28622U 05006A   13126.69863778 -.00000297  00000-0  10000-3 0  8798
2 28622   0.0267   0.5663 0000597 295.2122 320.4711  1.00271129 29980
CRE (WAAS/PRN 138)      
1 28868U 05036A   13127.22497767 -.00000089  00000-0  10000-3 0  2113
2 28868   0.0596  68.7954 0002828 326.4316 163.6904  1.00272528 28138
CRW (WAAS/PRN 135)      
1 28884U 05041A   13127.45719578  .00000064  00000-0  00000+0 0  5186
2 28884   0.0281  48.4148 0001092   3.9692 204.6387  1.00272334 27712
IOR-W (EGNOS/PRN 126)   
1 28899U 05044A   13126.74753875  .00000117  00000-0  00000+0 0  7309
2 28899   2.2720 347.7445 0003045  70.0283 101.1526  1.00267556 27486
MTSAT-2 (MSAS/PRN 137)  
1 28937U 06004A   13127.84556348 -.00000256  00000-0  00000+0 0  4073
2 28937   0.0228 259.9379 0003925 140.1994 275.1233  1.00270311 26482
AMR (WAAS/PRN 133)      
1 33278U 08039A   13127.61519150 -.00000160  00000-0  00000+0 0  1938
2 33278   3.0087 346.4418 0002672  74.7288 288.2569  1.00273621 17310
QZS-1 (QZSS/PRN 183)    
1 37158U 10045A   13128.47148039 -.00000156  00000-0  00000+0 0  5342
2 37158  40.6322 181.1826 0756511 269.7874  78.0187  1.00302522  9744
GSAT-8 (GAGAN/PRN 127)  
1 37605U 11022A   13127.71960049  .00000071  00000-0  10000-3 0  4567
2 37605   0.0680 260.3818 0004079  50.7702 228.6362  1.00274036  7230
LUCH 5A (SDCM/PRN 140)  
1 37951U 11074B   13127.77375333 -.00000061  00000-0  00000+0 0  3463
2 37951   3.7852 259.6178 0001704 203.7329 207.9838  1.00270011  5170
GSAT-10 (GAGAN/PRN 128) 
1 38779U 12051B   13127.80400307 -.00000177  00000-0  10000-3 0  1441
2 38779   0.0783  72.8134 0001625 309.9517 215.4123  1.00269937  2273
LUCH 5B (SDCM/PRN 125)  
1 38977U 12061A   13128.36971851 -.00000139  00000-0  00000+0 0  1433
2 38977   0.4772 106.7937 0004391 340.2639 256.3694  1.00267839  2163
