ALOUETTE 1 (S-27)       
1 00424U 62049A   13127.50956662  .00000066  00000-0  65751-4 0  1659
2 00424  80.4658 311.6102 0022738 348.0375  39.2039 13.68872050526008
IUE                     
1 10637U 78012A   13126.04966870 -.00000364  00000-0  00000+0 0  8855
2 10637  43.9687 356.5477 1479227 181.2747 178.2439  1.00064192 81652
IRAS                    
1 13777U 83004A   13127.58257166 -.00000244  00000-0 -13536-3 0  2136
2 13777  99.0069 324.9402 0016882 243.1170 149.8656 14.00215041216362
AKEBONO (EXOS-D)        
1 19822U 89016A   13127.81353435  .00044174 -74708-7  12066-2 0  5382
2 19822  75.0684  87.1765 2395852  90.5724 303.3172 10.63418485740874
INTERCOSMOS 24          
1 20261U 89080A   13127.90426831  .00000299  00000-0  89307-4 0   489
2 20261  82.5929 261.7508 1210665 315.5240  35.4584 12.54323242 77605
COBE                    
1 20322U 89089A   13128.06476902  .00000206  00000-0  15678-3 0   340
2 20322  99.0001 138.9271 0009599 126.3789 300.5613 14.04546807202617
HST                     
1 20580U 90037B   13127.58339616  .00001827  00000-0  11838-3 0  2343
2 20580  28.4690 179.0025 0002942 280.2726 206.8218 15.03555887 63580
CRRES                   
1 20712U 90065A   13127.59811770  .00000624  00000-0  36732-3 0  6199
2 20712  17.5063 197.0817 7130686  88.6899   8.2583  2.43956508191636
SARA                    
1 21578U 91050E   13127.97775633  .00000757  00000-0  19965-3 0  7304
2 21578  98.4162 104.7021 0004138 128.6201 264.1260 14.51779584150442
ORBVIEW 1 (MICROLAB)    
1 23547U 95017C   13128.44398735  .00001034  00000-0  24420-3 0  1671
2 23547  69.9810  90.9143 0010105  12.9370 347.2025 14.56988413959488
RXTE (XTE)              
1 23757U 95074A   13127.81528531  .00007025  00000-0  16968-3 0  8936
2 23757  22.9901 294.0656 0005643 252.9587 241.1252 15.37726907963762
POLAR                   
1 23802U 96013A   13125.58047620  .00000089  00000-0  10000-3 0  4275
2 23802  80.9560 304.4598 6816791  25.1195 356.4466  1.29844593 82659
FAST                    
1 24285U 96049A   13128.44891856  .00008208  00000-0  71310-3 0  7574
2 24285  82.9705  59.7133 1949054 328.0936  21.5228 11.36765400679044
TRACE                   
1 25280U 98020A   13128.49427882  .00002897  00000-0  21712-3 0  4756
2 25280  97.5845 330.4509 0031442 127.5810 264.4901 15.03081634824145
SAFIR 2                 
1 25399U 98043F   13128.00207512  .00000098  00000-0  60382-4 0  4988
2 25399  98.3725 103.5119 0001584  27.9716   2.9608 14.24177565770566
SWAS                    
1 25560U 98071A   13127.80613471  .00001614  00000-0  17968-3 0  2031
2 25560  69.9030  66.0089 0011733 278.7019  81.2805 14.89135643781638
ASTRID 2                
1 25568U 98072B   13128.19894447  .00000145  00000-0  14202-3 0  2921
2 25568  82.9512  12.9809 0026247  71.8298  41.7591 13.72207337721529
ORSTED                  
1 25635U 99008B   13128.19075306  .00000416  00000-0  10976-3 0  8089
2 25635  96.4671   5.0164 0141059 351.7529 153.8649 14.46644774749108
SUNSAT (SO-35)          
1 25636U 99008C   13127.76346707  .00000242  00000-0  69937-4 0  4959
2 25636  96.4624 353.7013 0148022  43.9356  20.7256 14.43906752748051
ABRIXAS                 
1 25721U 99022A   13127.50815507  .00006305  00000-0  22781-3 0  6796
2 25721  48.4591 298.0558 0018297 231.5457 148.5725 15.29478635776979
TERRIERS                
1 25735U 99026A   13128.11789226  .00004606  00000-0  16339-3 0  8720
2 25735  97.0816 317.2123 0007651  62.9847  56.7775 15.29509670775537
FUSE 1                  
1 25791U 99035A   13127.82973690  .00000390  00000-0  62655-4 0  5152
2 25791  24.9840 257.0402 0010596  81.5307  54.3300 14.42149798731654
CXO                     
1 25867U 99040B   13130.88883492 -.00000721  00000-0  00000+0 0  8997
2 25867  75.1832 341.8445 8590876 277.6230 359.6797  0.37800212 10397
CLEMENTINE              
1 25978U 99064B   13127.84773944  .00002978  00000-0  32319-3 0  9266
2 25978  98.1516 253.8298 0010283 169.3670 351.5521 14.88926500726972
XMM-NEWTON              
1 25989U 99066A   13128.96568808  .00000246  00000-0  00000+0 0  4017
2 25989  64.1730  70.0110 7224960  94.7957   0.1579  0.50131058 13364
TERRA                   
1 25994U 99068A   13128.50104216  .00000436  00000-0  10686-3 0   948
2 25994  98.2084 204.0064 0001341  96.7502 263.3854 14.57133903712137
ACRIMSAT                
1 26033U 99070B   13127.76985831  .00000205  00000-0  50362-4 0  8491
2 26033  97.8109 323.8790 0029215  46.7091  14.3079 14.61082268712932
IMAGE                   
1 26113U 00017A   13127.68265245 -.00000165  00000-0 -37920-1 0  3825
2 26113  92.9426 230.6120 7487962 118.0477   3.4164  1.68645996 80776
CLUSTER II-FM6 (SALSA)  
1 26410U 00041A   13128.93757599  .00001563  00000-0  00000+0 0  9643
2 26410 137.1543 306.0537 7655923 119.2165   0.7324  0.44222778 10862
CLUSTER II-FM7 (SAMBA)  
1 26411U 00041B   13128.93740392  .00001563  00000-0  00000+0 0  9377
2 26411 137.1562 306.0100 7652936 119.1651   0.7001  0.44222861 10944
CLUSTER II-FM5 (RUMBA)  
1 26463U 00045A   13128.93823239  .00001660  00000-0  00000+0 0  9547
2 26463 140.0784 303.3215 7624790 118.0801   0.8212  0.44223224 11444
MEGSAT-1                
1 26546U 00057B   13128.08064417  .00001183  00000-0  14832-3 0  9006
2 26546  64.5574 342.2303 0046140 252.8098 250.4539 14.86451265683166
HETE-2                  
1 26561U 00061A   13126.33961609  .00003994  00000-0  24717-3 0  8614
2 26561   1.9480 147.9694 0021485 136.8959 223.3540 14.99774398688175
MUNIN                   
1 26621U 00075C   13128.18986138 -.00000714  00000-0 -63765-3 0  6517
2 26621  95.3979 184.5778 0713908 340.4219  74.4686 13.03869665592875
ODIN                    
1 26702U 01007A   13127.80220213  .00002031  00000-0  17097-3 0  9484
2 26702  97.6397 142.5383 0005469  52.2318 307.9400 14.99317545665964
TIMED                   
1 26998U 01055B   13127.35906279  .00000897  00000-0  10814-3 0  4862
2 26998  74.0753  59.2227 0001161 204.5529 155.5595 14.85470317618252
RHESSI                  
1 27370U 02004A   13128.13309241  .00004771  00000-0  30237-3 0  1116
2 27370  38.0374  79.4944 0015299 237.0873 196.8741 15.08958924617796
INTEGRAL                
1 27540U 02048A   13129.83333333  .00000471  00000-0  00000+0 0  2834
2 27540  61.1867 263.2500 8701511 253.7236 354.8477  0.33413713  9055
FEDSAT                  
1 27598U 02056B   13128.52875286  .00000088  00000-0  51545-4 0  9576
2 27598  98.2557 130.8254 0008826   4.0522 141.9842 14.28234304542101
WEOS                    
1 27599U 02056C   13128.49065626  .00000134  00000-0  69316-4 0  9603
2 27599  98.2443 139.4216 0009848  12.9947 135.1382 14.28862935542306
MICRO LABSAT            
1 27600U 02056D   13128.14350205  .00000106  00000-0  57795-4 0  9245
2 27600  98.2394 138.2794 0010770  14.2019  32.7438 14.29118709542378
CORIOLIS                
1 27640U 03001A   13129.02691568  .00000053  00000-0  46688-4 0  1767
2 27640  98.7557 137.5803 0013015 296.1773 122.0843 14.18590280535229
CHIPSAT                 
1 27643U 03002B   13128.16093382  .00002580  00000-0  20526-3 0  3801
2 27643  94.0105 321.8405 0012862  62.2850  46.6978 15.00593957563736
SORCE                   
1 27651U 03004A   13127.80816025  .00001535  00000-0  19358-3 0   963
2 27651  39.9962  27.8171 0025354 160.4931 254.8916 14.84495821557233
GALEX                   
1 27783U 03017A   13127.73051786  .00000673  00000-0  11449-3 0  7771
2 27783  28.9981 249.6169 0004162  14.8947 129.8820 14.60667215535572
MOST                    
1 27843U 03031D   13128.19263542  .00000057  00000-0  46995-4 0  6466
2 27843  98.7166 136.6588 0010056  26.0196  36.4209 14.20296734510879
QUAKESAT                
1 27845U 03031F   13128.49518814  .00000351  00000-0  18214-3 0  6904
2 27845  98.7103 138.1820 0009122  33.3391 119.7054 14.20977567510950
AAU CUBESAT             
1 27846U 03031G   13127.48735297  .00000195  00000-0  10935-3 0  5580
2 27846  98.6897 137.3144 0008686 349.9908 165.5300 14.21432429511075
SCISAT 1                
1 27858U 03036A   13127.82837660  .00000603  00000-0  93332-4 0  9360
2 27858  73.9348 267.9130 0008689 349.5536 169.3745 14.75664809524185
STSAT-1                 
1 27945U 03042G   13128.52471455  .00000273  00000-0  61010-4 0  8661
2 27945  97.7984 318.7147 0011212 328.1670  65.5804 14.63692158513448
GP-B                    
1 28230U 04014A   13128.52606228  .00000604  00000-0  83670-4 0  7312
2 28230  89.8996 145.1600 0003590 111.5386  49.7089 14.76921355487464
DEMETER                 
1 28368U 04025C   13128.50815403  .00001068  00000-0  17781-3 0  9733
2 28368  97.8152 174.6470 0002330  75.6578 284.4893 14.71958964474654
DOUBLESTAR TC-2         
1 28382U 04029A   13126.09105646  .00000429  00000-0  11476-2 0  2339
2 28382  88.3032 320.4979 7315671  29.7502 356.8200  2.15630175 67960
SWIFT                   
1 28485U 04047A   13128.15420596  .00002589  00000-0  18733-3 0  4342
2 28485  20.5563 140.6589 0013561  83.8650 335.7553 14.96212210462415
SUZAKU (ASTRO-EII)      
1 28773U 05025A   13127.49744404  .00003528  00000-0  23519-3 0   126
2 28773  31.3839 251.1079 0006257 131.8935 299.1586 15.05363435429966
AKARI (ASTRO-F)         
1 28939U 06005A   13127.70822986  .00004113  00000-0  22145-3 0  1750
2 28939  98.2410 179.6823 0167874 271.2551 237.2867 15.04162196385397
FORMOSAT-3 FM6          
1 29047U 06011A   13127.74040606  .00000325  00000-0  14667-3 0   911
2 29047  71.9813   8.9564 0052517 220.7678 174.2518 14.27653279370416
FORMOSAT-3 FM1          
1 29048U 06011B   13127.84462368  .00000366  00000-0  16337-3 0  1727
2 29048  71.9701 282.5466 0044639 173.9971 332.9722 14.27652455372906
FORMOSAT-3 FM5          
1 29049U 06011C   13128.41064948  .00000338  00000-0  15272-3 0  1090
2 29049  72.0217  78.3959 0036681 223.4291 284.3858 14.27664677368761
FORMOSAT-3 FM3          
1 29050U 06011D   13128.45179144  .00001218  00000-0  28327-3 0  4424
2 29050  72.0162 124.7928 0053215 356.1010   3.9718 14.55812431377910
FORMOSAT-3 FM4          
1 29051U 06011E   13127.79338506  .00000374  00000-0  16396-3 0  1635
2 29051  72.0077 346.2655 0067971  94.7994 310.4785 14.27675060371260
FORMOSAT-3 FM2          
1 29052U 06011F   13127.34379054  .00000351  00000-0  15748-3 0  1848
2 29052  72.0372  53.7049 0041418 191.7655 315.8871 14.27726629369503
CLOUDSAT                
1 29107U 06016A   13128.52290147  .00000474  00000-0  11515-3 0  2609
2 29107  98.2005  73.1976 0001519  87.1142 273.0201 14.57150239373901
CALIPSO                 
1 29108U 06016B   13128.52162565 -.00006392  00000-0 -14103-2 0  2895
2 29108  98.2026  72.7536 0000692  81.0449 278.9366 14.57107105373838
HINODE (SOLAR-B)        
1 29479U 06041A   13128.53140595  .00000590  00000-0  12364-3 0   847
2 29479  98.1162 128.3678 0016406 254.4941 251.8229 14.63205640353800
SJ-6C                   
1 29505U 06046A   13129.14890817  .00001365  00000-0  14018-3 0  2974
2 29505  97.7416 124.4584 0004522  50.6256 309.5374 14.91995913355984
SJ-6D                   
1 29506U 06046B   13128.41183674  .00001549  00000-0  16154-3 0  2685
2 29506  97.7524 122.3864 0003770  93.8658 266.3003 14.91174843355702
COROT                   
1 29678U 06063A   13127.76925529  .00000117  00000-0  74878-4 0  1007
2 29678  90.0179  10.8109 0005679  40.3075   1.4389 13.98340966324604
AGILE                   
1 31135U 07013A   13127.26618268  .00006888  00000-0  30047-3 0  7936
2 31135   2.4686 176.7007 0018507 240.4146 119.5707 15.15596581334232
AIM                     
1 31304U 07015A   13128.53093470  .00004362  00000-0  37440-3 0   335
2 31304  97.8549 244.1429 0010689 174.6320 307.3571 14.97965615329012
FGRST (GLAST)           
1 33053U 08029A   13129.04731237  .00001388  00000-0  71723-4 0  3219
2 33053  25.5827 109.2854 0013272 251.4548 180.8424 15.07011127270414
KORONAS-FOTON           
1 33504U 09003A   13128.98517931  .00003832  00000-0  24269-3 0  6646
2 33504  82.4756 277.1389 0019307 230.5162 269.3396 15.08545012234744
TATIANA 2               
1 35868U 09049D   13128.21622960  .00000153  00000-0  87927-4 0  4468
2 35868  98.6043 182.2185 0004227 165.3960 194.7342 14.22356757188834
UGATUSAT                
1 35869U 09049E   13129.14071357  .00000062  00000-0  47483-4 0  4002
2 35869  98.6003 182.4422 0004224 177.0666 183.0540 14.22125280188945
SUMBANDILA (SO-67)      
1 35870U 09049F   13128.46692134  .00007043  00000-0  27055-3 0   385
2 35870  97.1947 158.6373 0003823  94.5498  42.0627 15.26729933202192
WISE                    
1 36119U 09071A   13127.84377198  .00003182  00000-0  16371-3 0  9814
2 36119  97.5184 135.5030 0003807 149.3837 304.8433 15.17160948187683
SDO                     
1 36395U 10005A   13127.61053503 -.00000034  00000-0  00000+0 0  7275
2 36395  27.8372 167.9989 0001537 261.3908 274.0651  1.00274442 12036
CRYOSAT 2               
1 36508U 10013A   13127.77197066  .00000134  00000-0  32400-4 0  9399
2 36508  92.0209 199.0319 0010897  61.2123 100.9070 14.52179183163286
PICARD                  
1 36598U 10028A   13128.43420561  .00000258  00000-0  78282-4 0  1697
2 36598  98.2952 313.9212 0000810 249.1453 110.9658 14.49760300153245
SPEKTR-R                
1 37755U 11037A   13127.40000000 -.00000930  00000-0  00000+0 0   440
2 37755  72.3850 291.1720 7708555   2.7430 358.5000  0.11935360   783
GCOM-W1 (SHIZUKU)       
1 38337U 12025A   13127.89962966  .00000627  00000-0  14916-3 0  4076
2 38337  98.2085  68.7935 0001092  61.1381 298.9933 14.57124690 51747
NUSTAR                  
1 38358U 12031A   13125.85943320  .00003504  00000-0  34108-3 0  1892
2 38358   6.0305  27.2523 0014504 307.3387  52.5852 14.82708296 48487
NEOSSAT                 
1 39089U 13009D   13128.08940987  .00000192  00000-0  84842-4 0   670
2 39089  98.6295 318.2649 0012063  60.9428 299.2956 14.33884050 10249
BRITE-AUSTRIA           
1 39091U 13009F   13128.40795013  .00000232  00000-0  97943-4 0   678
2 39091  98.6302 318.6490 0011460  73.5512 286.6935 14.34493095 10291
UNIBRITE                
1 39092U 13009G   13129.46060682  .00000176  00000-0  78281-4 0   719
2 39092  98.6321 319.6834 0010288  64.6445 295.5818 14.34368136 10442
