LANDSAT 4               
1 13367U 82072A   13127.71376589  .00002351  00000-0  15829-3 0  3419
2 13367  98.2624 156.1854 0014851 240.6562 255.6113 15.07748497658078
TDRS 1                  
1 13969U 83026B   13126.71569856  .00000004  00000-0  10000-3 0  5665
2 13969  13.9183 359.4145 0022818 124.7797 235.3733  0.98742890 83075
LANDSAT 5               
1 14780U 84021A   13127.99431869  .00000592  00000-0  82691-4 0  9488
2 14780  98.1006 193.0259 0070382  54.3783 310.0397 14.79877683552381
ERBS                    
1 15354U 84108B   13127.80953949  .00005333  00000-0  23729-3 0  2151
2 15354  57.0165  30.5981 0020726 152.6146 207.5997 15.22877595567774
TDRS 3                  
1 19548U 88091B   13128.11124616 -.00000307  00000-0  00000+0 0   733
2 19548  14.1123  24.6106 0012672 349.9821 202.7969  1.00269434 77394
TDRS 4                  
1 19883U 89021B   13126.95470955 -.00000197  00000-0  00000+0 0  4011
2 19883  11.4357  31.2556 0011281 222.8863 136.9327  0.98485456260860
HST                     
1 20580U 90037B   13127.58339616  .00001827  00000-0  11838-3 0  2343
2 20580  28.4690 179.0025 0002942 280.2726 206.8218 15.03555887 63580
TDRS 5                  
1 21639U 91054B   13128.18894825  .00000085  00000-0  00000+0 0  2883
2 21639  12.6893  38.5255 0020355 355.9955  92.2497  1.00264811 79716
TOPEX/POSEIDON          
1 22076U 92052A   13127.14220353 -.00000034  00000-0  11788-3 0   176
2 22076  66.0421   1.1513 0008134 272.9381 265.2182 12.80974691970118
TDRS 6                  
1 22314U 93003B   13127.28045356 -.00000297  00000-0  00000+0 0  3097
2 22314  12.1113  41.3544 0011690 347.6248 251.0415  1.00263214 74429
TDRS 7                  
1 23613U 95035B   13128.02324927 -.00000206  00000-0  00000+0 0  4578
2 23613  13.6252  32.0000 0033091 358.1168 289.1522  1.00270482 65238
RXTE (XTE)              
1 23757U 95074A   13127.81528531  .00007025  00000-0  16968-3 0  8936
2 23757  22.9901 294.0656 0005643 252.9587 241.1252 15.37726907963762
TRMM                    
1 25063U 97074A   13127.93407166  .00020683  00000-0  28911-3 0  3169
2 25063  34.9631 300.9551 0004870 329.8422  29.6300 15.55856859881538
KIKU-7 (ETS-VII)        
1 25064U 97074B   13127.81335453  .00009199  00000-0  24840-3 0  8897
2 25064  34.9702  13.2095 0006552 243.6731 183.8529 15.36946512858568
ISS (ZARYA)             
1 25544U 98067A   13129.24593750  .00031021  00000-0  52989-3 0  7767
2 25544  51.6467 301.4350 0004800 286.1705  57.5559 15.51014588828651
LANDSAT 7               
1 25682U 99020A   13128.34861017  .00000315  00000-0  79983-4 0  1157
2 25682  98.1943 198.3859 0000536  89.7826 270.3428 14.57119400748036
FUSE 1                  
1 25791U 99035A   13127.82973690  .00000390  00000-0  62655-4 0  5152
2 25791  24.9840 257.0402 0010596  81.5307  54.3300 14.42149798731654
TERRA                   
1 25994U 99068A   13128.50104216  .00000436  00000-0  10686-3 0   948
2 25994  98.2084 204.0064 0001341  96.7502 263.3854 14.57133903712137
TDRS 8                  
1 26388U 00034A   13127.68023257 -.00000235  00000-0  00000+0 0  8888
2 26388   4.6589  72.1548 0002843   4.1419 123.4885  1.00272202 47170
EO-1                    
1 26619U 00075A   13128.45966985  .00001222  00000-0  24766-3 0  4443
2 26619  98.0336 191.7714 0010686 161.6268 198.5325 14.62937906663988
TIMED                   
1 26998U 01055B   13127.35906279  .00000897  00000-0  10814-3 0  4862
2 26998  74.0753  59.2227 0001161 204.5529 155.5595 14.85470317618252
TDRS 9                  
1 27389U 02011A   13128.21361942 -.00000270  00000-0  10000-3 0  1363
2 27389   2.1927 113.9437 0015866 285.4244 222.8729  1.00275470 42436
AQUA                    
1 27424U 02022A   13128.48067637  .00000683  00000-0  16150-3 0  6597
2 27424  98.1979  70.4796 0001552  74.3370  74.5237 14.57153462585738
TDRS 10                 
1 27566U 02055A   13127.68610846  .00000071  00000-0  10000-3 0  8543
2 27566   2.2214  64.5467 0008420 216.2914  17.4295  1.00271235 38246
SORCE                   
1 27651U 03004A   13127.80816025  .00001535  00000-0  19358-3 0   963
2 27651  39.9962  27.8171 0025354 160.4931 254.8916 14.84495821557233
GALEX                   
1 27783U 03017A   13127.73051786  .00000673  00000-0  11449-3 0  7771
2 27783  28.9981 249.6169 0004162  14.8947 129.8820 14.60667215535572
GP-B                    
1 28230U 04014A   13128.52606228  .00000604  00000-0  83670-4 0  7312
2 28230  89.8996 145.1600 0003590 111.5386  49.7089 14.76921355487464
AURA                    
1 28376U 04026A   13128.52650294  .00000874  00000-0  20387-3 0  7974
2 28376  98.2018  72.7269 0001006  97.1715 262.9572 14.57134648468796
SWIFT                   
1 28485U 04047A   13128.15420596  .00002589  00000-0  18733-3 0  4342
2 28485  20.5563 140.6589 0013561  83.8650 335.7553 14.96212210462415
THEMIS A                
1 30580U 07004A   13125.97771715 -.00000056  00000-0  00000+0 0  5462
2 30580  12.0174  69.6559 8215602  62.4359  14.7620  1.04962564 22243
THEMIS D                
1 30797U 07004D   13126.57717850 -.00000100  00000-0  10000-3 0  7017
2 30797   8.2560  38.2504 8189199  89.9224   5.8060  1.04998766 22092
THEMIS E                
1 30798U 07004E   13126.71756843 -.00000125  00000-0  00000+0 0  7101
2 30798   8.3647  52.8052 8191953  77.2877  13.6937  1.04978710 22250
AIM                     
1 31304U 07015A   13128.53093470  .00004362  00000-0  37440-3 0   335
2 31304  97.8549 244.1429 0010689 174.6320 307.3571 14.97965615329012
C/NOFS                  
1 32765U 08017A   13127.98352773  .00017955  00000-0  63967-3 0  2946
2 32765  13.0010  50.2009 0234578 109.1774 336.8009 15.03823940275383
FGRST (GLAST)           
1 33053U 08029A   13129.04731237  .00001388  00000-0  71723-4 0  3219
2 33053  25.5827 109.2854 0013272 251.4548 180.8424 15.07011127270414
WISE                    
1 36119U 09071A   13127.84377198  .00003182  00000-0  16371-3 0  9814
2 36119  97.5184 135.5030 0003807 149.3837 304.8433 15.17160948187683
TDRS 11                 
1 39070U 13004A   13127.45716813  .00000096  00000-0  00000+0 0  1239
2 39070   6.9457 331.6133 0008641 243.2355  25.3314  1.00271668  1016
