MACSAT 2 (M 2)          
1 20608U 90043B   13127.81184669  .00000610  00000-0  86393-4 0  9483
2 20608  89.7557  36.3281 0090018 281.3926 109.4928 14.73166847232389
TUBSAT A                
1 21577U 91050D   13128.98507433  .00000116  00000-0  52305-4 0  6568
2 21577  98.6605  93.0663 0007390 124.1353 277.7578 14.38870347144628
S80/T                   
1 22078U 92052C   13127.38080069 -.00000011  00000-0  20509-3 0  3171
2 22078  66.0860 224.2611 0013616 314.2852  80.6700 12.86755084974464
HEALTHSAT 1             
1 22827U 93061E   13127.42087890  .00000189  00000-0  89139-4 0  4089
2 22827  98.6121  74.6025 0009063  19.9453  84.9018 14.30575144 23248
TUBSAT B                
1 22970U 94003B   13128.17535385  .00000049  00000-0  96679-4 0  1679
2 22970  82.5643 226.7258 0014920 296.1903 110.9841 13.16931032927010
CERISE                  
1 23606U 95033B   13128.49649419  .00002416  00000-0  26801-3 0   723
2 23606  98.3482 334.8596 0006284 169.5713 190.5633 14.88279485962946
UPM/LBSAT               
1 23607U 95033C   13127.80347863  .00000839  00000-0  12964-3 0  2797
2 23607  98.2306 251.5712 0006580  48.1571 112.8148 14.75999204958485
FAISAT 2V               
1 24954U 97052B   13128.19372383  .00000067  00000-0  49305-4 0  7758
2 24954  82.9217 331.3841 0040954  96.9288  26.4828 13.79776288786618
MUBLCOM                 
1 25736U 99026B   13128.48756433  .00000841  00000-0  24669-3 0  9076
2 25736  97.6737 313.6322 0005208  12.0580 348.0738 14.45977283736059
RUBIN-3 & SL-8 R/B      
1 27561U 02054C   13128.23033572  .00000484  00000-0  12241-3 0  8899
2 27561  98.0478 277.2547 0048302 144.7217 314.0336 14.54418883554006
APRIZESAT 2             
1 28366U 04025A   13127.82005737  .00000136  00000-0  57980-4 0  4765
2 28366  98.2678  71.8567 0108095 222.6160 170.9139 14.35978071464079
SAUDICOMSAT 1           
1 28369U 04025D   13127.70649766  .00000398  00000-0  11027-3 0  5369
2 28369  97.9925 113.7847 0033122 342.8698  68.9207 14.51237569468927
SAUDICOMSAT 2           
1 28370U 04025E   13127.85092742  .00000398  00000-0  12033-3 0  5338
2 28370  98.1013  98.4016 0059601  55.8809 336.1911 14.46309020467367
APRIZESAT 1             
1 28372U 04025G   13127.78029638  .00000331  00000-0  97956-4 0  5229
2 28372  98.0494 105.0723 0047113  19.2511  52.3591 14.48657355468125
NANOSAT-1               
1 28493U 04049B   13127.65938520  .00000710  00000-0  12281-3 0  5457
2 28493  98.3803 143.8538 0005975  91.5000 336.3396 14.71548276449951
SAUDICOMSAT 7           
1 31119U 07012C   13128.10937413  .00000500  00000-0  11008-3 0  8423
2 31119  97.8249 144.5167 0063066 113.2815 323.6360 14.60178947322788
SAUDICOMSAT 6           
1 31121U 07012E   13128.04943038  .00000419  00000-0  98841-4 0  8395
2 31121  97.8501 134.3464 0079548 146.8725 247.1187 14.57019927322092
SAUDICOMSAT 5           
1 31124U 07012H   13127.63255538  .00000537  00000-0  11431-3 0  8483
2 31124  97.8165 149.9401 0054542  98.5579  48.3120 14.61802591323069
SAUDICOMSAT 3           
1 31125U 07012J   13128.07928764  .00000577  00000-0  11867-3 0  8624
2 31125  97.8120 156.0886 0046012  81.8210 337.2775 14.63389709323471
SAUDICOMSAT 4           
1 31127U 07012L   13128.08246111  .00000476  00000-0  10784-3 0  8474
2 31127  97.8360 139.7027 0071103 129.2421 263.8532 14.58695679322456
APRIZESAT 4             
1 35684U 09041D   13128.51163257  .00000562  00000-0  85815-4 0  1823
2 35684  98.0588  45.0314 0047977 250.0634 217.3876 14.77080407203431
APRIZESAT 3             
1 35686U 09041F   13128.01936047  .00000784  00000-0  96332-4 0  2042
2 35686  98.1102  61.6865 0077126 211.8240 279.6214 14.84068396204279
AISSAT 1                
1 36797U 10035C   13128.46812827  .00001723  00000-0  22262-3 0   603
2 36797  98.0337 212.6924 0011566 198.1039 161.9764 14.82226311152664
