ALSAT 1                 
1 27559U 02054A   13054.76299263  .00000260  00000-0  50782-4 0  7291
2 27559  97.7736 259.0243 0023073  13.3825  48.6996 14.70198470547640
NIGERIASAT 1            
1 27941U 03042C   13054.77928169  .00000263  00000-0  42092-4 0  6139
2 27941  97.7991 262.3407 0051277 311.6642  48.0181 14.78864490503535
UK-DMC                  
1 27942U 03042D   13054.18663839  .00000330  00000-0  52848-4 0  8176
2 27942  97.7859 263.9687 0066212 151.2325 322.7295 14.76626428503631
BILSAT 1                
1 27943U 03042E   13054.79954905  .00000205  00000-0  48271-4 0  4476
2 27943  97.8000 246.1354 0011285 187.5601 172.5435 14.63358059502571
BEIJING 1               
1 28890U 05043A   13054.82992339  .00000090  00000-0  27651-4 0  3287
2 28890  97.8695 273.6906 0016709  76.3371 283.9690 14.60441745390573
HJ-1A                   
1 33320U 08041A   13054.73076413  .00000328  00000-0  56277-4 0  9408
2 33320  97.8342 121.5805 0028202  56.7484 303.6403 14.74639835240551
HJ-1B                   
1 33321U 08041B   13054.76745967  .00000562  00000-0  90774-4 0    06
2 33321  97.8360 121.9277 0038189  72.5322 288.0027 14.74637887240543
YAOGAN 4                
1 33446U 08061A   13054.76000096  .00000348  00000-0  59315-4 0  6973
2 33446  97.7552 114.0027 0017594  12.8941 347.2690 14.74616290227825
YAOGAN 5                
1 33456U 08064A   13054.77866948  .00011259  00000-0  26316-3 0  7039
2 33456  97.2264 129.2937 0006874 268.4003 239.3360 15.42307809234165
DEIMOS-1                
1 35681U 09041A   13054.84696301  .00000287  00000-0  56164-4 0  9642
2 35681  98.0147 315.6503 0001354  66.6256 293.5102 14.69874919191709
UK-DMC 2                
1 35683U 09041C   13054.81835587  .00000124  00000-0  28809-4 0  9861
2 35683  98.0155 314.7078 0001640  88.0572 272.0820 14.69918672191629
RISAT 1                 
1 38248U 12017A   13054.83096243  .00001075  00000-0  72158-4 0  9512
2 38248  97.5951  62.8188 0002239  78.3781  44.4455 15.08917433 45822
