LANDSAT 5               
1 14780U 84021A   12290.07908324  .00000285  00000-0  73054-4 0  4085
2 14780  98.1333 352.7737 0001584 280.9570  79.1451 14.57153161522596
SPOT 2                  
1 20436U 90005A   12290.11838935  .00001554  00000-0  26474-3 0  8452
2 20436  98.6981  70.2973 0153378 141.0561 220.1806 14.63200051183396
ERS-2                   
1 23560U 95021A   12289.92974957  .00004851  00000-0  35364-3 0  4714
2 23560  98.5198  52.0997 0003116 266.0033  94.0832 15.04278444917519
RADARSAT-1              
1 23710U 95059A   12290.22483955  .00000153  00000-0  76388-4 0    56
2 23710  98.5821 294.9382 0001074  87.6074 332.8925 14.29979505884743
TOMS EP                 
1 23940U 96037A   12289.11669075  .00000682  00000-0  17474-3 0   713
2 23940  97.9143 114.2295 0028853 183.8734 176.2277 14.52979748865936
MIDORI (ADEOS)          
1 24277U 96046A   12288.90531051  .00000133  00000-0  69849-4 0   574
2 24277  98.5228 230.4371 0000523 349.2377  10.8794 14.28816043842519
ORBVIEW 2 (SEASTAR)     
1 24883U 97037A   12289.85154895  .00000364  00000-0  14999-3 0  8591
2 24883  98.4308  44.9971 0003128 106.1878 253.9650 14.32522725807679
IRS-1D                  
1 24971U 97057A   12290.13434330  .00000165  00000-0  73951-4 0   673
2 24971  98.2072 277.1360 0052614 261.1506  98.3720 14.33232556787126
TRMM                    
1 25063U 97074A   12290.16345290  .00025032  00000-0  34561-3 0  1296
2 25063  34.9616 208.8731 0001678 258.3328 101.7593 15.56174122849774
SPOT 4                  
1 25260U 98017A   12290.17005221  .00000108  00000-0  70754-4 0  8908
2 25260  98.5503 347.7369 0000838  53.0955 307.0308 14.20107477755058
FASAT B                 
1 25395U 98043B   12289.87509761  .00000190  00000-0  99689-4 0  4566
2 25395  98.3345 270.9047 0001869 230.5369 129.5659 14.24585704741659
TECHSAT 1B (GO-32)      
1 25397U 98043D   12290.10265404  .00000313  00000-0  15642-3 0  8993
2 25397  98.3766 262.9529 0000554 345.2360  14.8807 14.23299983741223
LANDSAT 7               
1 25682U 99020A   12290.05667055  .00000400  00000-0  98802-4 0  5363
2 25682  98.2250 356.9906 0001301 101.8191 258.3152 14.57097918718288
KITSAT 3                
1 25756U 99029A   12289.58004339  .00000215  00000-0  63668-4 0  9416
2 25756  98.5257 168.7220 0014876  67.8285 292.4490 14.52863662709752
DLR-TUBSAT              
1 25757U 99029B   12290.20144201  .00000035  00000-0  20605-4 0  4612
2 25757  98.5694 162.0197 0015039 104.9718 255.3140 14.50995059709185
IRS-P4 (OCEANSAT 1)     
1 25758U 99029C   12289.81417389  .00000340  00000-0  96549-4 0  1782
2 25758  98.2534  18.8418 0002638  93.6423 266.5073 14.51228411709280
QUIKSCAT                
1 25789U 99034A   12289.55050309  .00000063  00000-0  43949-4 0  4240
2 25789  98.6200 116.9476 0000944  37.1895 322.9356 14.26933866693918
IKONOS 2                
1 25919U 99051A   12290.22779506  .00000532  00000-0  10946-3 0  2235
2 25919  98.1123   2.8669 0000861 104.5992 255.5325 14.64458413698187
CBERS 1 (ZY 1A)         
1 25940U 99057A   12289.90353571  .00000184  00000-0  79715-4 0  3029
2 25940  98.2799 249.6745 0005889  50.9687 309.2015 14.34726397681256
TERRA                   
1 25994U 99068A   12290.07140037 -.00002668  00000-0 -58263-3 0  4779
2 25994  98.2193   2.3765 0001103  73.7225 286.4161 14.57087777682363
ARIRANG 1 (KOMPSAT-1)   
1 26032U 99070A   12290.06588356  .00000858  00000-0  16293-3 0  4061
2 26032  97.7660 130.7752 0004593 344.5975  15.5090 14.66491879685760
EO-1                    
1 26619U 00075A   12290.07815490  .00001537  00000-0  31049-3 0  8281
2 26619  98.0658 352.3655 0011268  92.1221 268.1352 14.62746162634106
SAC-C                   
1 26620U 00075B   12289.97860451  .00000515  00000-0  12400-3 0  7315
2 26620  97.9022 272.4367 0001412  91.1247 269.0112 14.57000552632810
EROS A1                 
1 26631U 00079A   12290.13401323  .00007551  00000-0  48690-3 0  6293
2 26631  97.6421 359.4022 0012990 155.6594 282.6017 15.08523872658657
QUICKBIRD 2             
1 26953U 01047A   12290.21751720  .00012214  00000-0  33056-3 0  9660
2 26953  97.2077 352.3953 0001854 109.4729 334.3781 15.37827456617516
TES                     
1 26957U 01049A   12290.02153772  .00002709  00000-0  21221-3 0  9252
2 26957  97.7511   5.0343 0053099  52.9431 307.6658 15.00755048601733
JASON 1                 
1 26997U 01055A   12289.24032700 -.00000038  00000-0  10000-3 0  5648
2 26997  66.0388  62.8358 0005881 263.8486  96.1855 12.83922180507841
METEOR-3M               
1 27001U 01056A   12288.96422003  .00000091  00000-0  15382-3 0  1960
2 27001  99.2003 104.7014 0014175 109.6306 250.6371 13.68742263541832
BADR-B                  
1 27003U 01056C   12289.55653689 -.00000008  00000-0  37596-4 0  1965
2 27003  99.1540 111.2207 0020879 102.2082 258.1404 13.70141086542520
MAROC-TUBSAT            
1 27004U 01056D   12288.94611911  .00000024  00000-0  74373-4 0    50
2 27004  99.1568 109.7497 0020529 105.2104 255.1317 13.70058286542400
SPOT 5                  
1 27421U 02021A   12290.10656455  .00000312  00000-0  16656-3 0  8102
2 27421  98.6428 358.9084 0001276 100.1991  11.4320 14.20068973541875
AQUA                    
1 27424U 02022A   12289.54172137 -.00000854  00000-0 -17957-3 0  4599
2 27424  98.2068 228.2586 0001448  85.6829 274.4348 14.57103526555890
HAIYANG-1A              
1 27430U 02024A   12289.76700155  .00000239  00000-0  10853-3 0   565
2 27430  98.3138 327.8347 0009954  85.5428 274.6891 14.30083443543923
ALSAT 1                 
1 27559U 02054A   12289.59576700  .00000570  00000-0  10225-3 0  6149
2 27559  97.7836 133.9248 0024319  70.5039 289.8788 14.70058665528370
MIDORI II (ADEOS-II)    
1 27597U 02056A   12289.72477735  .00000155  00000-0  81330-4 0  8480
2 27597  98.3181 318.7953 0000858  22.0046 338.1171 14.26468094512201
IRS-P6 (RESOURCESAT-1)  
1 28051U 03046A   12290.14126155  .00000099  00000-0  65284-4 0  3900
2 28051  98.7838   2.3824 0003261 202.4918 157.6127 14.21592610467027
CBERS 2 (ZY 1B)         
1 28057U 03049A   12290.17489856  .00000120  00000-0  56292-4 0  8417
2 28057  98.1597 297.7526 0000485  75.5937 284.5302 14.35008486470930
TANSUO 1 (TS 1)         
1 28220U 04012A   12289.93654198  .00002070  00000-0  21391-3 0  3226
2 28220  97.4732 273.4378 0012942  99.1042 261.1643 14.91091171461520
FORMOSAT-2 (ROCSAT 2)   
1 28254U 04018A   12290.07195729  .00000106  00000-0  10000-3 0  4376
2 28254  98.9542 351.2340 0002366 138.9213 333.4516 14.00784693429880
AURA                    
1 28376U 04026A   12289.95928570  .00000880  00000-0  20542-3 0  6040
2 28376  98.2061 230.8468 0001218  95.8839 264.2535 14.57094525439004
PARASOL                 
1 28498U 04049G   12290.18816624  .00000773  00000-0  17056-3 0  4576
2 28498  98.4265 253.9370 0001357 107.2040 252.9317 14.60172696416503
IRS-P5 (CARTOSAT-1)     
1 28649U 05017A   12290.04182235 -.00001355  00000-0 -15865-3 0  3876
2 28649  97.8989   2.1404 0001909  97.2022 262.9421 14.83417346403186
TOPSAT                  
1 28891U 05043B   12290.06415146  .00000392  00000-0  90178-4 0  7712
2 28891  97.8821 147.9412 0018076 128.2029 232.0810 14.60191831371415
SINAH 1                 
1 28893U 05043D   12289.66809777  .00000354  00000-0  81968-4 0  5066
2 28893  97.8928 149.8817 0016391 127.6905 232.5782 14.60422978371433
ALOS (DAICHI)           
1 28931U 06002A   12290.27106757  .00000977  00000-0  21273-3 0  4985
2 28931  98.0655 356.2259 0000260  48.4227 311.7016 14.60082469358448
EROS B                  
1 29079U 06014A   12290.23424005  .00011467  00000-0  53639-3 0  2724
2 29079  97.4491  46.3106 0006673 117.2117 303.6998 15.19901703359242
RSS-1 (YAOGAN 1)        
1 29092U 06015A   12289.91145482  .00000561  00000-0  79221-4 0  2305
2 29092  97.9368 278.5201 0001109  81.8060 278.3279 14.80994760349793
RESURS-DK 1             
1 29228U 06021A   12290.10171640  .00000812  00000-0  73517-4 0  1097
2 29228  69.9339 108.7405 0002169  74.7178 285.4226 14.99601464352239
ARIRANG 2 (KOMPSAT-2)   
1 29268U 06031A   12290.24066994  .00000594  00000-0  12824-3 0  9078
2 29268  98.2450 181.2438 0014766 327.0981  32.9283 14.61887214331879
LAPAN-TUBSAT            
1 29709U 07001A   12290.02112595  .00000335  00000-0  49894-4 0  4099
2 29709  97.6523 315.8546 0011859 278.1541  81.8341 14.80756135311511
CARTOSAT-2 (IRS-P7)     
1 29710U 07001B   12290.05602297  .00000609  00000-0  89921-4 0  3826
2 29710  97.8927 347.1434 0000869 102.5347 257.5989 14.78689728311217
HAIYANG-1B              
1 31113U 07010A   12290.03829705  .00000163  00000-0  79512-4 0  1333
2 31113  98.3965 345.8363 0016059  85.2435 275.0585 14.29759623287794
COSMO-SKYMED 1          
1 31598U 07023A   12290.06512467  .00000216  00000-0  33639-4 0  9552
2 31598  97.8696 113.2369 0001392  82.2038 277.9346 14.82155735289879
TERRASAR-X              
1 31698U 07026A   12290.17944569  .00000998  00000-0  50701-4 0  5181
2 31698  97.4455 295.2071 0001590 116.3510 312.5925 15.19145988296028
WORLDVIEW-1 (WV-1)      
1 32060U 07041A   12290.27373317  .00005866  00000-0  24000-3 0  6698
2 32060  97.3313   4.1310 0003634  94.6152 336.3417 15.24702374282511
CBERS 2B                
1 32062U 07042A   12290.07633164  .00000254  00000-0  95908-4 0  2865
2 32062  98.3705 359.7228 0031386 276.8267  82.9348 14.38873871266370
YAOGAN 3                
1 32289U 07055A   12290.03310119  .00000830  00000-0  11397-3 0  4656
2 32289  97.8912 278.2398 0001569 101.1154 259.0226 14.80964618266349
COSMO-SKYMED 2          
1 32376U 07059A   12290.03138660  .00000782  00000-0  10477-3 0  3626
2 32376  97.8689 113.2041 0001308  80.7414 279.3928 14.82165180262611
RADARSAT-2              
1 32382U 07061A   12290.19743740  .00000156  00000-0  77476-4 0  3486
2 32382  98.5779 295.5009 0001102  88.7040   2.3552 14.29983099252624
CARTOSAT-2A             
1 32783U 08021A   12290.03508017  .00000738  00000-0  10744-3 0  9540
2 32783  97.8946 347.7285 0016193  74.2847 286.0148 14.78721297241156
IMS-1                   
1 32786U 08021D   12290.18949554  .00001302  00000-0  17786-3 0  4427
2 32786  97.7896 344.2582 0014217  43.2365 317.0008 14.80170691241407
JASON 2 (OSTM)          
1 33105U 08032A   12289.83102614 -.00000050  00000-0  46041-4 0  4273
2 33105  66.0403  63.8448 0007288 265.8822  94.1352 12.80931630202173
RAPIDEYE 2              
1 33312U 08040A   12290.21517930  .00000583  00000-0  84038-4 0  6165
2 33312  97.9174  17.1913 0012761 120.3967 239.8537 14.79886134223205
RAPIDEYE 5              
1 33313U 08040B   12290.24039885  .00000530  00000-0  77039-4 0  6049
2 33313  97.9133  16.3353 0018814   3.0617 357.0710 14.79867207223154
RAPIDEYE 1              
1 33314U 08040C   12290.09311749  .00000623  00000-0  89183-4 0  6568
2 33314  97.9163  17.0991 0025032 136.2089 224.1125 14.79879898223171
RAPIDEYE 3              
1 33315U 08040D   12290.06382626  .00000514  00000-0  74916-4 0  5845
2 33315  97.9119  16.0836 0014019  73.1430 287.1319 14.79882272223132
RAPIDEYE 4              
1 33316U 08040E   12290.18505536  .00000519  00000-0  75709-4 0  5842
2 33316  97.9112  16.0137 0013618  24.0676 336.1185 14.79875235223149
HJ-1A                   
1 33320U 08041A   12290.03578675  .00001222  00000-0  19028-3 0  5445
2 33320  97.8542 354.9828 0028564 115.0319 245.3872 14.74440965221293
HJ-1B                   
1 33321U 08041B   12290.27519273  .00000978  00000-0  15320-3 0  6024
2 33321  97.8564 355.4892 0038149 130.6622 229.7938 14.74421454221319
GEOEYE 1                
1 33331U 08042A   12290.26110717  .00000407  00000-0  85870-4 0  5591
2 33331  98.1108   1.6965 0009343 203.5324 156.5467 14.64478248219607
THEOS                   
1 33396U 08049A   12290.22779539  .00000185  00000-0  10742-3 0  3572
2 33396  98.6850 355.0026 0001028  98.0625 352.4909 14.20051637209501
COSMO-SKYMED 3          
1 33412U 08054A   12290.22125103  .00000827  00000-0  11037-3 0  3895
2 33412  97.8690 113.3902 0001263  80.5407 279.5931 14.82164597215101
YAOGAN 4                
1 33446U 08061A   12290.06738998  .00000119  00000-0  25170-4 0  3016
2 33446  97.7766 348.6619 0018755  71.8862 288.4418 14.74546644208560
YAOGAN 5                
1 33456U 08064A   12290.22314851  .00015433  00000-0  40267-3 0  2978
2 33456  97.2462   0.0113 0009458  30.5413  44.5928 15.38861875214067
GOSAT (IBUKI)           
1 33492U 09002A   12290.20190364 -.00000389  00000-0 -60236-4 0  8083
2 33492  98.0764  37.2599 0000708  76.7475 283.3832 14.67542853199769
YAOGAN 6                
1 34839U 09021A   12290.19028846  .00005988  00000-0  28940-3 0  9087
2 34839  97.3405  14.7521 0002410 113.4897 330.0664 15.18986076193317
RAZAKSAT                
1 35578U 09037A   12290.20973118  .00000976  00000-0  76794-4 0  6077
2 35578   8.9857  71.8476 0016721 110.0822 250.1163 14.65480928174806
DEIMOS-1                
1 35681U 09041A   12290.21104853  .00000489  00000-0  90016-4 0  5677
2 35681  98.0210 187.2576 0001789  78.9349 281.2068 14.69816440172512
OCEANSAT 2              
1 35931U 09051A   12289.44724294  .00006032  00000-0  15388-2 0  1141
2 35931  98.2806  23.2106 0003653  70.5786 289.5724 14.50883937162138
WORLDVIEW-2             
1 35946U 09055A   12290.20982335  .00000151  00000-0  64831-4 0  3573
2 35946  98.4743   7.9928 0001894 117.4959 242.6441 14.37719277158529
SMOS                    
1 36036U 09059A   12289.99427346 -.00000044  00000-0  00000+0 0  9119
2 36036  98.4420 114.9628 0000667  69.8002 290.3254 14.39789238155259
YAOGAN 7                
1 36110U 09069A   12290.19744232  .00000760  00000-0  12130-3 0  1716
2 36110  97.9817  61.5714 0025984 173.5410 186.6150 14.74544908153571
TANDEM-X                
1 36605U 10030A   12290.17944569  .00002966  00000-0  14438-3 0  1227
2 36605  97.4437 295.2034 0001715  96.1809 332.7538 15.19149169128769
CARTOSAT 2B             
1 36795U 10035A   12290.21314833  .00000675  00000-0  98891-4 0  5452
2 36795  97.8956 349.7339 0016631 141.5519 218.6926 14.78676375122224
YAOGAN 10               
1 36834U 10038A   12290.21397609  .00000536  00000-0  76036-4 0  4396
2 36834  97.8413 287.5642 0000980 101.5290 258.6039 14.80909634118127
COSMO-SKYMED 4          
1 37216U 10060A   12290.18328636  .00000470  00000-0  65580-4 0  1842
2 37216  97.8699 113.3558 0001400  75.1425 285.0149 14.82159943105184
SAC-D                   
1 37673U 11024A   12289.97920662 -.00000049  00000-0  00000+0 0  4412
2 37673  98.0114 294.9199 0001224  74.0971 286.0436 14.72333221 72591
RASAT                   
1 37791U 11044D   12290.19517670  .00000297  00000-0  66500-4 0  3271
2 37791  98.2226   8.4179 0023631  77.5250 282.8610 14.63496936 62284
MEGHA-TROPIQUES         
1 37838U 11058A   12290.19460840  .00000264  00000-0  00000+0 0  2646
2 37838  19.9731 354.0189 0009363  84.0671 276.0812 14.09710342 52248
SRMSAT                  
1 37841U 11058D   12289.51924848  .00000264  00000-0  00000+0 0  2502
2 37841  19.9702 356.4638 0011467  72.1168 288.0502 14.10169740 52197
YAOGAN 13               
1 37941U 11072A   12290.22328505  .00007191  00000-0  30981-3 0  9842
2 37941  97.1310 221.4317 0003937 218.4649 279.5146 15.22857329 48845
PLEIADES 1A             
1 38012U 11076F   12290.18262596  .00000294  00000-0  73045-4 0  9361
2 38012  98.1845   2.9176 0001107  86.0243 274.1103 14.58546382 44325
ZIYUAN 1-02C (ZY 1-02C) 
1 38038U 11079A   12290.02912391  .00000214  00000-0  89713-4 0  9125
2 38038  98.5285   3.7812 0001569 104.8746 255.2619 14.35354874 42889
ZIYUAN 3 (ZY 3)         
1 38046U 12001A   12290.46932870  .00155460  00000-0  68492-2 0  8720
2 38046  97.4689   3.7614 0004477  37.9156 145.6901 15.21112503 42777
RISAT 1                 
1 38248U 12017A   12290.18278016  .00001058  00000-0  71073-4 0  5456
2 38248  97.5940 293.5309 0001973 106.5512 321.2025 15.08938806 26126
ARIRANG 3 (KOMPSAT-3)   
1 38338U 12025B   12290.20033319  .00000428  00000-0  95576-4 0  3062
2 38338  98.1382 227.7022 0010025 278.4370  81.5716 14.61592374 22137
SPOT 6                  
1 38755U 12047A   12290.19876600  .00000420  00000-0  10028-3 0  1502
2 38755  98.1996 355.4249 0001714  92.5736 267.5660 14.58557853  5401
