SAUDISAT 1A             
1 26545U 00057A   12351.88158160  .00000609  00000-0  93465-4 0  3432
2 26545  64.5543 134.9609 0055866 278.7371  80.7409 14.81877869660568
UNISAT                  
1 26547U 00057C   12352.63193187  .00001492  00000-0  18867-3 0  3619
2 26547  64.5542 104.6390 0059800 283.5263  75.9181 14.84556862661256
SAUDISAT 1B             
1 26549U 00057E   12351.97153314  .00000505  00000-0  82707-4 0  4323
2 26549  64.5540 158.5435 0059210 282.8534  76.5960 14.80667853660094
MOZHAYETS               
1 27560U 02054B   12353.02156292  .00000664  00000-0  15971-3 0  1132
2 27560  97.9770 147.2638 0042273 180.8387 179.2745 14.55820945532890
SAUDISAT 1C             
1 27607U 02058C   12352.74176834  .00001025  00000-0  17592-3 0  9434
2 27607  64.5574  96.4219 0068427 210.7365 148.9727 14.72687380536993
UNISAT 2                
1 27608U 02058D   12352.50048076  .00000648  00000-0  11361-3 0  9534
2 27608  64.5591  44.6863 0049258 208.4962 151.3432 14.75499910538054
SAUDISAT 2              
1 28371U 04025F   12353.12723840  .00000223  00000-0  63591-4 0  4959
2 28371  97.9329 348.8430 0026856  36.7529 323.5510 14.53325629449243
UNISAT 3                
1 28373U 04025H   12352.88828212  .00000218  00000-0  73918-4 0  4107
2 28373  98.1255 317.6328 0070743 162.4254 197.9433 14.43993706446769
SSETI EXPRESS (XO-53)   
1 28894U 05043E   12352.64973744  .00000233  00000-0  57480-4 0  5677
2 28894  97.8816 208.7050 0016760 299.7341  60.2192 14.60220996380526
SAUDISAT 3              
1 31118U 07012B   12353.17831958  .00000158  00000-0  35298-4 0   963
2 31118  97.8479  42.9339 0016408 119.2575 241.0288 14.68343578303986
