ATS 1                   
1 02608U 66110A   12352.35719761 -.00000269  00000-0  10000-3 0  3819
2 02608   5.7655 305.2582 0006211 192.3492 167.7620  1.00397143 85348
ATS 3                   
1 03029U 67111A   12351.91741178 -.00000104  00000-0  10000-3 0   261
2 03029   7.5415 310.7125 0017053  85.6032 274.6711  1.00272042165207
ORIZURU (DEBUT)         
1 20479U 90013B   12352.25646567 -.00000024  00000-0  12963-4 0  4255
2 20479  99.0556  50.2176 0539674 146.6146 217.0237 12.83739319 71153
SURFSAT                 
1 23711U 95059B   12353.04311859 -.00000103  00000-0 -12218-3 0  2555
2 23711 100.3913 337.4145 0368392  82.1384 282.1300 13.12614929820348
MAQSAT H                
1 25023U 97066A   12349.10889177  .00000151  00000-0  15100-2 0  1808
2 25023   7.5634 219.5157 6494170 120.3419 318.8654  3.09642520170880
MAQSAT B                
1 25024U 97066B   12348.72482177 -.00000015  00000-0  14845-3 0  2015
2 25024   7.5965 216.8783 6503030 124.8875 314.2388  3.08785275170679
TEAMSAT                 
1 25025U 97066C   12348.82464924 -.00000005  00000-0  00000+0 0  1817
2 25025   7.6407 235.9443 6511612  87.7669 339.9192  3.07925804169926
OPAL (OO-38)            
1 26063U 00004C   12353.12820745  .00000068  00000-0  43347-4 0  5719
2 26063 100.2177  28.9525 0036359 257.3286 102.3826 14.36142834675643
FALCONSAT               
1 26064U 00004D   12352.74018325  .00000022  00000-0  28212-4 0  5321
2 26064 100.2195  25.6318 0037627 268.1532  91.5336 14.35665051675398
PICOSAT 1 & 2 [TETHERED]
1 26080U 00004H   12353.17255170  .00000396  00000-0  14026-3 0   133
2 26080 100.1981  63.8756 0031989 178.3095 181.8194 14.41183130675787
PICOSAT 3               
1 26091U 00004J   12352.24243685  .00000756  00000-0  23247-3 0  6692
2 26091 100.1875  81.3210 0031306 124.0792 236.3379 14.45039003676017
PICOSAT 4               
1 26092U 00004K   12352.15517732  .00000411  00000-0  14441-3 0  4838
2 26092 100.1890  55.2326 0035421 175.2523 184.9016 14.41273539674851
PICOSAT 5               
1 26093U 00004L   12352.25661603  .00001214  00000-0  34938-3 0  4034
2 26093 100.1807  91.5844 0032339  97.3563 263.1312 14.46845303676851
PICOSAT 6               
1 26094U 00004M   12352.39804059  .00000359  00000-0  13067-3 0  4628
2 26094 100.1965  52.8162 0035529 190.4106 169.6346 14.40508562674304
SNAP 1                  
1 26386U 00033C   12352.71193111  .00000533  00000-0  10577-3 0  7934
2 26386  98.2142  52.6170 0012197 135.8103 224.4065 14.66142606666563
PICOSAT 9               
1 26930U 01043B   12352.10603522  .00000021  00000-0  40250-4 0  1978
2 26930  67.0021 337.8711 0007716 225.9269 134.1233 14.30247079585613
PROBA-1                 
1 26958U 01049B   12353.21862260  .00000759  00000-0  77125-4 0  5987
2 26958  97.4596  12.0360 0080727  68.4532 292.5277 14.91205841606456
BIRD 2                  
1 26959U 01049C   12353.22135287  .00003070  00000-0  15205-3 0  3887
2 26959  97.8817 200.0011 0014463  12.8615 123.5333 15.18516748615770
CUTE-1 (CO-55)          
1 27844U 03031E   12352.61861702  .00000237  00000-0  12887-3 0  5342
2 27844  98.7013 358.3338 0010475  55.1180 305.0996 14.21131499490948
CANX-1                  
1 27847U 03031H   12352.98343134  .00000165  00000-0  95457-4 0  4466
2 27847  98.6890 358.9443 0009818  32.7891 327.3929 14.21343292491068
CUBESAT XI-IV (CO-57)   
1 27848U 03031J   12352.51431171  .00000154  00000-0  91448-4 0  4829
2 27848  98.7105 357.6510 0010407  60.3821 299.8393 14.20868311490864
NAXING 1                
1 28221U 04012B   12351.99235207  .00000904  00000-0  10020-3 0  3859
2 28221  97.4912 328.4225 0009992 271.6242  88.3834 14.89547607470532
ST5-A                   
1 28980U 06008A   12353.10139767  .00013103  00000-0  71144-3 0  1405
2 28980 105.6395  26.2420 2252408 129.3522 252.9792 10.83211649261854
ST5-B                   
1 28981U 06008B   12352.87060702  .00028244  20643-5  81246-3 0  1632
2 28981 105.4909  91.7538 2110746  31.6119 339.5913 11.21853008265536
ST5-C                   
1 28982U 06008C   12350.27712546  .00017617  17579-5  62508-3 0  2261
2 28982 105.5305  69.0028 2159704  68.2278 313.3902 11.08913750264015
GENESIS 1               
1 29252U 06029A   12353.15679445  .00001862  00000-0  13476-3 0  7801
2 29252  64.5094 213.9445 0032219 216.2713 143.6215 15.06992854353470
FALCONSAT-3             
1 30776U 07006E   12352.08665398  .00003503  00000-0  21886-3 0  5090
2 30776  35.4326 238.4684 0001101 221.2250 138.8387 15.09120768317884
GENESIS 2               
1 31789U 07028A   12352.88894233  .00002099  00000-0  14883-3 0  5266
2 31789  64.5093 248.0902 0056169 264.5189  94.9522 15.06580475300605
APRIZESAT 4             
1 35684U 09041D   12352.76662137  .00000563  00000-0  86146-4 0   669
2 35684  98.0595 263.4445 0049215 348.0867  11.9190 14.76916807182516
APRIZESAT 3             
1 35686U 09041F   12352.79759775  .00000937  00000-0  11447-3 0   812
2 35686  98.0990 278.2706 0077073 312.1680  47.3004 14.83820573183339
PROBA-2                 
1 36037U 09059B   12352.50751738 -.00000045  00000-0  00000+0 0    25
2 36037  98.2941 180.7402 0013495 353.1723   6.9310 14.52309268165643
PRISMA (MANGO)          
1 36599U 10028B   12352.84736718  .00000222  00000-0  80941-4 0  4087
2 36599  98.3108 162.7347 0042144 310.0934  49.6558 14.41313388131961
PRISMA (TANGO)          
1 36827U 10028F   12352.56968504  .00000057  00000-0  30487-4 0    71
2 36827  98.3100 162.4620 0042393 311.0375  48.7153 14.41310853123678
APRIZESAT 5             
1 37792U 11044E   12353.16475125  .00000490  00000-0  82887-4 0  4572
2 37792  98.2310  78.8902 0060080 240.4004 119.1221 14.72879388 71940
APRIZESAT 6             
1 37793U 11044F   12353.18173861  .00000478  00000-0  86881-4 0  4773
2 37793  98.2267  76.6103 0048024 244.0099 115.6169 14.70166602 71813
ALMASAT-1               
1 38078U 12006B   12353.15217205  .00034204  00000-0  90700-3 0  8353
2 38078  69.4768 258.3880 0727097  17.0442 345.3864 14.16831213 43530
