GIOVE-A                 
1 28922U 05051A   12349.78951007  .00000023  00000-0  10000-3 0   406
2 28922  56.2932 123.7065 0005224  18.0210 341.9436  1.69434470 43208
GIOVE-B                 
1 32781U 08020A   12351.36375528  .00000066  00000-0  10000-3 0  6715
2 32781  56.8592 158.5789 0003280 141.8760 218.1291  1.65396917 28912
GALILEO-PFM (GSAT0101)  
1 37846U 11060A   12352.19111598  .00000016  00000-0  00000+0 0  1622
2 37846  54.8218 117.9321 0000920 269.5583  90.3896  1.70474430  7205
GALILEO-FM2 (GSAT0102)  
1 37847U 11060B   12351.53872749  .00000015  00000-0  10000-3 0  1637
2 37847  54.8221 117.9491 0002483 254.1783 105.7514  1.70474805  7198
GALILEO-FM3 (GSAT0103)  
1 38857U 12055A   12352.23337514 -.00000003  00000-0  10000-3 0   309
2 38857  55.3062 237.7230 0001328 258.0409 102.0293  1.70473618  1128
GALILEO-FM4 (GSAT0104)  
1 38858U 12055B   12352.75482386 -.00000005  00000-0  00000+0 0   267
2 38858  55.3065 237.7071 0000744 298.7153  61.3526  1.70473596  1135
