LES 9                   
1 08747U 76023B   12351.37715130 -.00000074  00000-0  10000-3 0  8673
2 08747  12.6407 115.2811 0022739  14.7917 345.1315  1.00276343 80241
GOES 3                  
1 10953U 78062A   12352.03186105 -.00000100  00000-0  10000-3 0   478
2 10953  14.5451 348.6385 0004402  83.2134 276.8280  1.00275847 79494
ESIAFI 1 (COMSTAR 4)    
1 12309U 81018A   12351.53528343 -.00000171  00000-0  10000-3 0  6269
2 12309  14.6711 358.5710 0003050   4.6446 355.3550  1.00278375118018
SATCOM C5               
1 13631U 82105A   12352.10565300 -.00000117  00000-0  10000-3 0   875
2 13631  14.3084  18.6527 0002516 289.4502  70.5213  1.00272239 76949
GSTAR 1                 
1 15677U 85035A   12350.15837774 -.00000112  00000-0  00000+0 0  6014
2 15677  13.1383  35.9825 0007211 315.9328  43.9930  1.00272264 75780
GSTAR 3                 
1 19483U 88081A   12352.07578228 -.00000123  00000-0  10000-3 0  8565
2 19483  15.5952   8.1216 0007746  49.8828 310.1862  1.00272791 85187
TDRS 3                  
1 19548U 88091B   12353.18977373 -.00000304  00000-0  10000-3 0  9804
2 19548  13.9359  26.1831 0009937 329.2202 111.4153  1.00276091 75989
LEASAT 5                
1 20410U 90002B   12352.86581488 -.00000081  00000-0  10000-3 0  8150
2 20410  10.3204  26.0588 0000738 176.1543 268.2910  1.00271545 69270
INTELSAT 603 (IS-603)   
1 20523U 90021A   12352.68389280  .00000059  00000-0  10000-3 0  1777
2 20523   9.2385  51.8239 0001424 284.5806   7.9942  1.00273518 76295
COSMOS 2085             
1 20693U 90061A   12350.60872612 -.00000153  00000-0  10000-3 0  3672
2 20693  14.0881  22.5781 0003795  46.5254 313.5016  1.00280784 82053
SKYNET 4C               
1 20776U 90079A   12353.18281668 -.00000039  00000-0  10000-3 0  5567
2 20776  12.2205  33.7224 0002903 242.0101 235.9219  1.00273976 81523
INMARSAT 2-F1           
1 20918U 90093A   12351.94794579 -.00000363  00000-0  10000-3 0  2571
2 20918   9.2212  42.9836 0003495 216.6622 276.6259  1.00271297 77499
COSMOS 2133             
1 21111U 91010A   12352.64405834 -.00000066  00000-0  10000-3 0  5638
2 21111  13.4437  28.3140 0006889  46.8798 313.1714  1.00275668 80015
INMARSAT 2-F2           
1 21149U 91018A   12352.54278737  .00000093  00000-0  00000+0 0  3166
2 21149   8.5563  44.1481 0002501 218.9522 236.8863  1.00274006 79793
TDRS 5                  
1 21639U 91054B   12352.57415178  .00000087  00000-0  10000-3 0  1891
2 21639  12.4527  40.2206 0015150 341.6774 103.7258  1.00276512 78298
GORIZONT 27             
1 22245U 92082A   12352.51821109 -.00000377  00000-0  10000-3 0  8470
2 22245  13.5472  30.7170 0011620 266.4095  93.4500  1.00171560 77768
COSMOS 2224             
1 22269U 92088A   12352.58666432 -.00000274  00000-0  10000-3 0  9393
2 22269  12.7775  33.5174 0004121 115.7705 244.2596  1.00160666 72747
TDRS 6                  
1 22314U 93003B   12353.19420831 -.00000299  00000-0  10000-3 0  2133
2 22314  11.8678  43.0379 0009960 317.5395  94.2344  1.00266750 73023
ASTRA 1C                
1 22653U 93031A   12352.92902914 -.00000000  00000-0  10000-3 0  9976
2 22653   5.5488  62.0410 0004024 200.6974 160.6639  1.00273498 66895
ACTS                    
1 22796U 93058B   12353.16640739 -.00000112  00000-0  10000-3 0  1082
2 22796  12.0653  42.3012 0014048 353.3886   6.5671  1.00271949 77484
INTELSAT 701 (IS-701)   
1 22871U 93066A   12352.60397227 -.00000146  00000-0  10000-3 0   495
2 22871   0.8937  77.3841 0003558 176.3594 207.3034  1.00270676 70033
SOLIDARIDAD 1           
1 22911U 93073A   12350.20082117 -.00000084  00000-0  10000-3 0  6319
2 22911  10.6563  47.7145 0005149 106.3498 253.6546  1.00269439 68465
NATO 4B                 
1 22921U 93076A   12353.10512054  .00000131  00000-0  10000-3 0  8216
2 22921  10.3215  39.7771 0003330 233.7172 247.0422  1.00278738 69729
INTELSAT 702 (IS-702)   
1 23124U 94034A   12353.10795418  .00000148  00000-0  10000-3 0  8582
2 23124   1.2484  76.4690 0002211 195.9719 246.5319  1.00271418 81959
APSTAR 1                
1 23185U 94043A   12353.13596506 -.00000097  00000-0  10000-3 0  2172
2 23185   7.2947  56.7553 0001641 246.3207 355.9846  1.00272120 67410
DIRECTV 2 (DBS 2)       
1 23192U 94047A   12352.73507701  .00000035  00000-0  00000+0 0   420
2 23192   5.4043  62.7529 0009422 214.9261 144.8385  0.98632841 77051
OPTUS B3                
1 23227U 94055A   12352.60082137 -.00000086  00000-0  10000-3 0  1002
2 23227   4.4276  64.7564 0002224 202.9505 199.1851  1.00270426 67038
NSS-703                 
1 23305U 94064A   12353.30277484 -.00000286  00000-0  00000+0 0  7472
2 23305   2.8963  69.5988 0002734 192.6534 246.9860  1.00269685 66761
SOLIDARIDAD 2           
1 23313U 94065A   12353.19017573 -.00000035  00000-0  10000-3 0  2427
2 23313   4.2235  65.4610 0003391 198.3318 136.9522  1.00270832 66622
ASTRA 1D                
1 23331U 94070A   12352.88632002  .00000124  00000-0  10000-3 0  5003
2 23331   4.6256  63.8196 0002928 202.5637 162.6784  1.00272096 66874
RADUGA 32               
1 23448U 94087A   12350.67454575 -.00000064  00000-0  10000-3 0  5758
2 23448  12.7293  37.5719 0006034 122.7541 237.2826  1.00273210 83494
BRASILSAT B2            
1 23536U 95016A   12353.26978419 -.00000280  00000-0  10000-3 0  7487
2 23536   4.2631  65.6943 0001653 203.0165 207.6607  1.00269113 64980
AMSC 1                  
1 23553U 95019A   12352.52911747 -.00000114  00000-0  10000-3 0  5842
2 23553   7.4157  56.7729 0005704 198.9766 277.9711  1.00270419 64785
INTELSAT 706 (IS-706)   
1 23571U 95023A   12352.89922063 -.00000285  00000-0  10000-3 0  6659
2 23571   1.1795  76.0842 0004792 166.4036 305.7966  1.00392334 64403
TDRS 7                  
1 23613U 95035B   12352.59889466 -.00000204  00000-0  10000-3 0  3563
2 23613  13.4142  33.6430 0030494 344.8001   8.6575  1.00272189 63810
TELSTAR 4 (TELSTAR 402R)
1 23670U 95049A   12351.23012758 -.00000053  00000-0  10000-3 0  3868
2 23670   8.2144  54.3838 0001225 203.8860 156.0174  1.00297583 63106
LUCH 1                  
1 23680U 95054A   12352.67999807 -.00000111  00000-0  10000-3 0  2070
2 23680  11.7222  46.9084 0007919  12.1910 347.7946  1.00278241 62976
ASTRA 1E                
1 23686U 95055A   12352.54511200 -.00000259  00000-0  00000+0 0  6241
2 23686   2.2227  73.2120 0002862 179.9085 113.2451  1.00675691 62925
ECHOSTAR 1              
1 23754U 95073A   12352.48076332 -.00000249  00000-0  10000-3 0  7977
2 23754   0.0056 299.8901 0001741 350.9451 251.5999  1.00269651 62011
AFRICASAT-1 (MEASAT-1)  
1 23765U 96002B   12351.88891707  .00000121  00000-0  10000-3 0  5084
2 23765   4.5799  64.3267 0001217 172.1821 215.3926  1.00269764 61987
ABS-1A                  
1 23768U 96003A   12352.81193715 -.00000097  00000-0  10000-3 0  7339
2 23768   5.3212  62.3270 0000584  37.0484 354.6203  1.00272900 61982
INTELSAT 707 (IS-707)   
1 23816U 96015A   12352.32731546 -.00000293  00000-0  00000+0 0  5287
2 23816   0.1343  72.4646 0003212 203.4196 235.2978  1.00270837 61400
INMARSAT 3-F1           
1 23839U 96020A   12353.10194488  .00000004  00000-0  10000-3 0  6110
2 23839   0.6878  73.2652 0006340 184.7106 290.3619  1.00273593 61200
ASTRA 1F                
1 23842U 96021A   12352.87337601  .00000079  00000-0  00000+0 0  7628
2 23842   0.0417 355.3741 0002334 273.4680 187.3433  1.00271274 61115
MSAT M1                 
1 23846U 96022A   12352.05454672 -.00000091  00000-0  10000-3 0  3717
2 23846   4.8256  63.5760 0005122 206.3886  89.2315  1.00271164 61018
PALAPA C2               
1 23864U 96030A   12352.76257044 -.00000205  00000-0  10000-3 0  6189
2 23864   2.3829  71.3607 0001505 200.9312 239.5008  1.00271380 60758
INTELSAT 709 (IS-709)   
1 23915U 96035A   12352.87167985  .00000119  00000-0  10000-3 0  6854
2 23915   0.5839  79.2327 0002460 179.5036 189.4397  1.00271434 60492
APSTAR 1A               
1 23943U 96039A   12352.81326115  .00000089  00000-0  10000-3 0    80
2 23943   6.6231  58.5290 0000642 238.1968 134.7621  1.00275958 60309
INMARSAT 3-F2           
1 24307U 96053A   12352.00258007 -.00000131  00000-0  10000-3 0  5035
2 24307   0.0630 317.0249 0005919 304.6035 169.8382  1.00271270 59616
ECHOSTAR 2              
1 24313U 96055A   12350.12773375 -.00000286  00000-0  10000-3 0  5249
2 24313   3.8583  66.3610 0002325 356.8242   2.8530  1.00240978 59627
AMC-1 (GE-1)            
1 24315U 96054A   12352.50583340 -.00000110  00000-0  10000-3 0  9762
2 24315   0.0063 337.8723 0003283 281.0937 266.6681  1.00271559 59600
ARABSAT-2B              
1 24652U 96063A   12353.23958995  .00000149  00000-0  10000-3 0  6789
2 24652   0.3483  80.9649 0004442 208.2302 278.2935  1.00274243 59447
AFRICASAT-2 (MEASAT-2)  
1 24653U 96063B   12353.27760597 -.00000228  00000-0  10000-3 0  7806
2 24653   4.5391  64.3516 0000112 191.1647  79.6915  1.00269787 59003
EUTELSAT 48A            
1 24665U 96067A   12352.87252844  .00000114  00000-0  10000-3 0  6216
2 24665   3.2723  68.4218 0004470 193.4388 187.3378  1.00270215 59258
INMARSAT 3-F3           
1 24674U 96070A   12352.59288133  .00000032  00000-0  10000-3 0  5420
2 24674   0.0784  70.7434 0005347 207.6550 199.7453  1.00269045 58573
AMC-2 (GE-2)            
1 24713U 97002A   12352.77531168  .00000111  00000-0  10000-3 0  5203
2 24713   1.0637  76.0899 0005534 187.9819 120.8174  1.00269607  8984
INTELSAT 26 (IS-26)     
1 24732U 97007A   12352.81321541  .00000102  00000-0  10000-3 0  3080
2 24732   4.4964  64.5172 0003183 204.6702 160.6631  1.00272507 57906
INTELSAT 801 (IS-801)   
1 24742U 97009A   12349.37324289 -.00000221  00000-0  10000-3 0  2286
2 24742   3.7155  67.1360 0003927 208.7179 272.4519  1.00269650 57876
DFH 3-2                 
1 24798U 97021A   12351.64789718 -.00000275  00000-0  10000-3 0  1307
2 24798   7.9522  55.2261 0008469   0.7284 359.1786  1.00180280 57153
THOR II                 
1 24808U 97025A   12353.17211155  .00000126  00000-0  10000-3 0  2460
2 24808   4.0487  65.8725 0000264 123.4635 343.0944  1.00269683 57088
GALAXY 25 (G-25)        
1 24812U 97026A   12348.39266416 -.00000164  00000-0  00000+0 0  5375
2 24812   0.0143 321.3779 0003142 287.4843 241.9019  1.00271105 56997
INMARSAT 3-F4           
1 24819U 97027A   12353.14432920 -.00000294  00000-0  10000-3 0  3879
2 24819   2.6312  69.1993 0005367 183.8430 192.0735  1.00268596 57001
SUPERBIRD-A3            
1 24880U 97036A   12352.01723369 -.00000264  00000-0  10000-3 0  4005
2 24880   3.6093  67.2713 0003130  64.9885  52.9734  1.00270151 56309
ABS-5                   
1 24901U 97042A   12353.06627795 -.00000035  00000-0  10000-3 0  7580
2 24901   1.6440  75.4743 0005159 190.8013 201.5800  1.00270808 56143
INTELSAT 5 (IS-5)       
1 24916U 97046A   12351.81451811 -.00000246  00000-0  10000-3 0  4339
2 24916   0.1923  79.0707 0003566 175.1085 273.3875  1.00143797 56194
METEOSAT-7              
1 24932U 97049B   12352.70270782  .00000052  00000-0  10000-3 0  4148
2 24932   8.0731  54.2472 0002091 190.5934 152.2957  1.00267564 56012
AMC-3 (GE-3)            
1 24936U 97050A   12352.07673676 -.00000280  00000-0  00000+0 0  4894
2 24936   0.0159 320.6080 0002045 297.7861 148.3251  1.00269428 56019
NSS-5                   
1 24957U 97053A   12353.16568755  .00000105  00000-0  00000+0 0  4741
2 24957   0.5070  78.8080 0002917 178.6658 299.8337  1.00273113 55810
ECHOSTAR 3              
1 25004U 97059A   12353.14748269 -.00000289  00000-0  10000-3 0  3758
2 25004   0.0249  10.2987 0000913 234.6481 193.4948  1.00269692 55728
INDOSTAR 1              
1 25050U 97071B   12351.95260670 -.00000337  00000-0  00000+0 0  8524
2 25050   6.4811  58.8946 0000356 235.4979 239.7594  1.00212057 55329
JCSAT-1B                
1 25067U 97075A   12352.76263610 -.00000210  00000-0  10000-3 0  7134
2 25067   2.3981  71.1289 0004436 201.7856 238.4043  1.00270711 55136
ASTRA 1G                
1 25071U 97076A   12352.04942606  .00000147  00000-0  00000+0 0  2396
2 25071   0.0442 331.1171 0002444 287.1440 237.0916  1.00271355 55130
HGS-1 (ASIASAT 3)       
1 25126U 97086A   12353.13346952 -.00000292  00000-0  10000-3 0  7113
2 25126   4.5840  79.4581 0043803 269.2696  89.9831  1.00205239 55720
BRASILSAT B3            
1 25152U 98006A   12352.19737666 -.00000257  00000-0  10000-3 0  7577
2 25152   0.7531  80.9159 0005091 164.7695 196.6039  1.00270028 54539
INMARSAT 3-F5           
1 25153U 98006B   12352.93676194  .00000133  00000-0  10000-3 0  4005
2 25153   0.3077 346.4024 0004950 277.3436 185.1313  1.00272730 54506
EUTELSAT 16B            
1 25237U 98013A   12349.96092208  .00000097  00000-0  10000-3 0  5294
2 25237   1.0339  77.3716 0004670 181.1376 187.2615  1.00273641 54511
NSS-806                 
1 25239U 98014A   12351.04861904 -.00000269  00000-0  00000+0 0    52
2 25239   0.0174 344.5579 0002891 298.3313 139.1862  1.00269400 54282
NILESAT 101             
1 25311U 98024A   12353.06678146 -.00000065  00000-0  10000-3 0  3492
2 25311   0.0523  52.4034 0003190 232.3120 179.4101  1.00272202 53904
COSMOS 2350             
1 25315U 98025A   12349.68834494 -.00000108  00000-0  10000-3 0  7841
2 25315  10.1112  47.2786 0007615  26.3934 333.5843  1.00258379 53590
CHINASAT 5A (ZX 5A)     
1 25354U 98033A   12352.90844149 -.00000214  00000-0  10000-3 0  6094
2 25354   0.0165 272.7399 0002412   4.0644 224.6651  1.00269962 57866
THOR III                
1 25358U 98035A   12353.12234638 -.00000046  00000-0  10000-3 0  1099
2 25358   2.3266  71.4629 0001557 186.8854 228.5124  1.00269802 53292
INTELSAT 805 (IS-805)   
1 25371U 98037A   12352.35922392 -.00000293  00000-0  10000-3 0   319
2 25371   0.0047   1.3110 0002515 264.6029 254.3039  1.00270742 53130
CHINASAT 5B (ZX 5B)     
1 25404U 98044A   12352.53027638 -.00000243  00000-0  10000-3 0   970
2 25404   1.1001  75.4794 0005309 175.6137 172.3955  1.00268287 52983
ST-1                    
1 25460U 98049A   12347.91506446 -.00000213  00000-0  10000-3 0  3714
2 25460   1.1477  76.1359 0003397 188.4411 235.0065  1.00271525 52404
ASTRA 2A                
1 25462U 98050A   12349.00000000  .00000146  00000-0  00000+0 0  5086
2 25462   0.0370  77.6040 0001836  70.1690 323.4880  1.00268568 52401
INTELSAT 7 (IS-7)       
1 25473U 98052A   12351.90194205 -.00000034  00000-0  10000-3 0  5175
2 25473   0.0527  67.9639 0003830 187.4172 223.9214  1.00272861 52211
SIRIUS 3                
1 25492U 98056B   12353.17383521  .00000098  00000-0  10000-3 0  1964
2 25492   3.4207  67.9410 0000724 209.9916 283.0407  1.00274165 52115
EUTELSAT 25A            
1 25495U 98057A   12348.94402765  .00000141  00000-0  10000-3 0  4208
2 25495   0.0359  14.1240 0004785 265.5824 168.7001  1.00274762 51987
AFRISTAR                
1 25515U 98063A   12348.22720164  .00000127  00000-0  10000-3 0  1486
2 25515   0.4532  76.4266 0004297 186.7497 281.9206  1.00271809 51753
AMC-5 (GE-5)            
1 25516U 98063B   12350.18531044 -.00000233  00000-0  10000-3 0  1335
2 25516   2.1647  72.4496 0004644 183.6761 173.8910  1.00269526 51807
INTELSAT 8 (IS-8)       
1 25522U 98065A   12352.59809168 -.00000038  00000-0  10000-3 0  2970
2 25522   0.0204 264.3094 0002671 351.1281 215.4943  1.00272159 51796
BONUM-1                 
1 25546U 98068A   12352.85566347  .00000071  00000-0  10000-3 0  2771
2 25546   1.0526  77.9987 0002178 150.9200 221.9653  1.00273584 51622
SATMEX 5                
1 25558U 98070A   12350.36807698 -.00000019  00000-0  10000-3 0   791
2 25558   0.0148  23.1051 0001976 245.8586 191.1569  1.00271102 51599
GALAXY 26 (G-26)        
1 25626U 99005A   12353.16568755  .00000108  00000-0  10000-3 0  1053
2 25626   0.0186 288.8439 0002582 327.9096 300.0611  1.00271763 50714
JCSAT-4A                
1 25630U 99006A   12349.85183348 -.00000362  00000-0  10000-3 0  1290
2 25630   0.0628 262.0004 0002443 201.2157  51.3360  1.00271155 50543
SKYNET 4E               
1 25639U 99009B   12353.16813970  .00000135  00000-0  10000-3 0  2661
2 25639   7.9848  42.6088 0002568 225.1094 272.3808  1.00269304 50612
ASIASAT 3S              
1 25657U 99013A   12352.74138722 -.00000341  00000-0  10000-3 0  3766
2 25657   0.0054 267.7988 0001529   2.6646 188.6758  1.00268852 50396
EUTELSAT 21A            
1 25673U 99018A   12348.22720164  .00000129  00000-0  10000-3 0  4937
2 25673   0.0896  80.8944 0004674 181.1711 283.6120  1.00272074 50114
NIMIQ 1                 
1 25740U 99027A   12353.17866235 -.00000180  00000-0  00000+0 0  2179
2 25740   0.1001  68.7858 0004621 246.3396 105.2541  1.00270151 49783
ASTRA 1H                
1 25785U 99033A   12353.12676593  .00000113  00000-0  00000+0 0  1686
2 25785   0.4918  79.4416 0002261  69.5604   3.1467  1.00270325 49502
TELKOM 1                
1 25880U 99042A   12347.55228189 -.00000342  00000-0  10000-3 0  4409
2 25880   0.0169  23.7517 0006060 274.0285  90.6464  1.00267076 48916
ABS-7                   
1 25894U 99046A   12351.65908412 -.00000370  00000-0  10000-3 0  2463
2 25894   0.0264 242.6184 0002792 112.0678  84.1199  1.00267041 47727
GALAXY 27 (G-27)        
1 25922U 99052A   12351.91664763  .00000128  00000-0  10000-3 0  1514
2 25922   0.0106 333.5777 0002148 308.4760 178.9756  1.00272346 48456
ABS-1                   
1 25924U 99053A   12351.07464630 -.00000094  00000-0  10000-3 0  2609
2 25924   0.0077 353.2772 0002343 264.7982 288.9096  1.00272150 48469
DIRECTV 1R              
1 25937U 99056A   12349.93745095  .00000074  00000-0  00000+0 0  4058
2 25937   0.4845  75.9041 0001548 120.0640 281.3167  1.00272086 48316
TELSTAR 12 (ORION 2)    
1 25949U 99059A   12353.06947861 -.00000126  00000-0  00000+0 0  2538
2 25949   0.0327  54.4244 0002484 208.6977 193.9786  1.00271171 48211
AMC-4 (GE-4)            
1 25954U 99060A   12353.18904361 -.00000279  00000-0  00000+0 0  4314
2 25954   0.0365  48.1735 0000388  21.9279  18.1434  1.00270563 48061
GALAXY 11 (G-11)        
1 26038U 99071A   12352.35922381 -.00000293  00000-0  10000-3 0  5019
2 26038   0.0513 185.1912 0001821 333.5300   1.4080  1.00271689 47677
ZHONGXING-22            
1 26058U 00003A   12352.43994847 -.00000052  00000-0  10000-3 0  1438
2 26058   4.1589  63.3138 0002630 224.8560 211.1999  0.97321000 47287
HISPASAT 1C             
1 26071U 00007A   12348.50000000 -.00000218  00000-0  00000+0 0  8828
2 26071   0.0300  34.9560 0002621 269.9800 287.6370  1.00272054 47176
GARUDA 1                
1 26089U 00011A   12352.67109718 -.00000364  00000-0  10000-3 0   909
2 26089   1.0150 225.7175 0002775  72.5489 153.0784  1.00268007 47091
SUPERBIRD-B2            
1 26095U 00012A   12352.60100378 -.00000100  00000-0  10000-3 0  3858
2 26095   0.0112 263.1544 0002015 347.1356 214.6912  1.00271082 47052
EXPRESS-A2              
1 26098U 00013A   12352.80362328 -.00000330  00000-0  10000-3 0  8534
2 26098   6.1686  59.9674 0018623  92.3914 326.3624  1.00266251 46764
ASIASTAR                
1 26107U 00016A   12349.85054231 -.00000336  00000-0  10000-3 0  3137
2 26107   0.0214  15.7900 0003319 209.4673 269.8429  1.00267017 46693
EUTELSAT 16C            
1 26243U 00019A   12349.00945696  .00000093  00000-0  10000-3 0  1443
2 26243   0.9649  76.1443 0003371 155.8168 229.0766  1.00275445 46369
EUTELSAT 36A            
1 26369U 00028A   12352.80777620  .00000148  00000-0  10000-3 0  2042
2 26369   0.0642 352.5963 0004121 266.2674 154.8763  1.00274588 46058
TDRS 8                  
1 26388U 00034A   12352.70197920 -.00000231  00000-0  10000-3 0  7867
2 26388   4.3511  74.1875 0004210 166.6935 187.7210  1.00274552 45751
COSMOS 2371             
1 26394U 00036A   12350.68583567 -.00000146  00000-0  10000-3 0  1787
2 26394   9.4498  50.8705 0002897  15.2007 344.7374  1.00278421 45596
ECHOSTAR 6              
1 26402U 00038A   12352.32673612 -.00000250  00000-0  10000-3 0  3781
2 26402   0.8830  77.5695 0002241 195.3259 214.1210  1.00270561 45526
INTELSAT 9 (IS-9)       
1 26451U 00043A   12352.32739932 -.00000287  00000-0  10000-3 0  9246
2 26451   0.1782  80.8793 0001954 184.3401 249.5147  1.00358545 45410
BRASILSAT B4            
1 26469U 00046A   12347.34140962 -.00000208  00000-0  10000-3 0  1989
2 26469   0.0536 170.7168 0001972  94.7207 214.8895  1.00273453 45158
NILESAT 102             
1 26470U 00046B   12351.20513353 -.00000065  00000-0  10000-3 0  8303
2 26470   0.0191 304.8700 0008821 310.3249 256.9469  1.00272069 45192
RADUGA-1 5              
1 26477U 00049A   12350.94992096 -.00000187  00000-0  10000-3 0  5164
2 26477   9.3242  51.4097 0002146  13.0651  87.6174  1.00208247 45043
ASTRA 2B                
1 26494U 00054A   12349.00000000  .00000147  00000-0  00000+0 0  1750
2 26494   0.0720 326.9510 0002935 317.2740 187.0520  1.00270283 44874
AMC-7 (GE-7)            
1 26495U 00054B   12349.42505007  .00000092  00000-0  10000-3 0   533
2 26495   0.0162 344.2087 0002807 270.2137 205.1101  1.00273484 44898
NSS-11 (AAP-1)          
1 26554U 00059A   12351.81334981 -.00000352  00000-0  10000-3 0  2814
2 26554   0.0311  15.1268 0002746 261.4488 210.2346  1.00269580 44764
N-SAT-110 (JCSAT-110)   
1 26559U 00060A   12351.77561524 -.00000359  00000-0  10000-3 0  2289
2 26559   0.0156  40.4878 0000413  54.1396  20.4911  1.00271241 44696
AMC-6 (GE-6)            
1 26580U 00067A   12352.05074839 -.00000267  00000-0  10000-3 0  1579
2 26580   0.0158 339.1780 0002817 281.9561 131.2092  1.00269628 44558
INTELSAT 12 (IS-12)     
1 26590U 00068A   12352.61614376  .00000129  00000-0  10000-3 0  9393
2 26590   0.0107  19.1947 0002804 253.3128  80.9323  1.00272908 44474
INTELSAT 1R (IS-1R)     
1 26608U 00072A   12348.20248361 -.00000283  00000-0  10000-3 0  5708
2 26608   0.0338 146.0929 0000787 241.5846  77.5017  1.00269188 44281
ANIK F1                 
1 26624U 00076A   12352.43683001 -.00000082  00000-0  10000-3 0  9031
2 26624   0.0007 293.5939 0001893 354.9032 207.9387  1.00270931 44306
ASTRA 2D                
1 26638U 00081A   12349.00000000  .00000145  00000-0  00000+0 0  1501
2 26638   0.6500  78.9350 0000639  19.9050  12.1830  1.00267716 43981
AMC-8 (GE-8)            
1 26639U 00081B   12347.45338271  .00000106  00000-0  00000+0 0   554
2 26639   0.0228 324.9442 0001989 301.7427 199.1060  1.00272502 43933
TURKSAT 2A              
1 26666U 01002A   12352.65750810  .00000138  00000-0  10000-3 0  1453
2 26666   0.0370 281.5174 0005078 349.9833  93.8613  1.00272692 43731
SICRAL 1                
1 26694U 01005A   12349.00945696  .00000097  00000-0  10000-3 0  1410
2 26694   4.3295  64.7673 0003815 202.7954 195.1078  1.00273840 43442
SKYNET 4F               
1 26695U 01005B   12349.84215182 -.00000250  00000-0  10000-3 0  8030
2 26695   6.4209  49.8816 0007212 144.5102 158.6670  1.00267504 43427
EUTELSAT 28A            
1 26719U 01011A   12352.68028897  .00000143  00000-0  00000+0 0  3114
2 26719   0.0685   2.0015 0004237 239.7203 118.3808  1.00274260 43161
XM-2 (ROCK)             
1 26724U 01012A   12352.39226781 -.00000031  00000-0  10000-3 0  3933
2 26724   0.0801 278.9589 0002857  50.4274 143.0022  1.00271197 43124
XM-1 (ROLL)             
1 26761U 01018A   12353.07305514 -.00000030  00000-0  10000-3 0  2318
2 26761   0.0815 232.3088 0003700 339.3499 146.4715  1.00271340 42590
INTELSAT 10 (IS-10)     
1 26766U 01019A   12353.16568755  .00000118  00000-0  10000-3 0  1463
2 26766   0.0513  45.4307 0001731 212.7072 298.4623  1.00178425 42507
INTELSAT 901 (IS-901)   
1 26824U 01024A   12353.06947861 -.00000148  00000-0  10000-3 0  9778
2 26824   0.0156   4.9233 0002638 262.3352 186.8194  1.00270480 42251
ASTRA 2C                
1 26853U 01025A   12349.00000000  .00000116  00000-0  00000+0 0  9707
2 26853   0.0830 351.1080 0002413 348.2930 122.8720  1.00264543 42153
ARTEMIS                 
1 26863U 01029A   12352.68468117  .00000108  00000-0  10000-3 0  4089
2 26863  10.2847  52.0838 0002804 245.3493  57.1131  1.00273193 42975
GOES 12                 
1 26871U 01031A   12352.31433955 -.00000293  00000-0  10000-3 0  8544
2 26871   2.6611  71.0867 0002059 218.1869 210.7041  1.00270715 41836
INTELSAT 902 (IS-902)   
1 26900U 01039A   12352.00546009  .00000025  00000-0  10000-3 0    56
2 26900   0.0142   2.6401 0002691 267.8016 239.5582  1.00271971 41419
EUTELSAT 8 WEST A       
1 26927U 01042A   12351.20513353 -.00000074  00000-0  10000-3 0  7744
2 26927   0.0508 341.0384 0004845 275.7867 254.1848  1.00270870 41144
DIRECTV 4S              
1 26985U 01052A   12352.46757096 -.00000121  00000-0  10000-3 0  9769
2 26985   0.0071   8.9937 0001208 276.5444 228.0953  1.00268450 40569
INSAT-3C                
1 27298U 02002A   12352.61136743 -.00000085  00000-0  10000-3 0  8667
2 27298   0.0318 273.6508 0001177 304.5080 162.6058  1.00271128 39944
ECHOSTAR 7              
1 27378U 02006A   12352.39335666 -.00000008  00000-0  10000-3 0  1466
2 27378   0.0180  10.3027 0001331 283.5230 175.3638  1.00271104 39632
INTELSAT 904 (IS-904)   
1 27380U 02007A   12352.59033490  .00000041  00000-0  10000-3 0   478
2 27380   0.0191 330.4805 0002882 295.1416  93.5027  1.00271631 39665
TDRS 9                  
1 27389U 02011A   12352.32759751 -.00000267  00000-0  10000-3 0   479
2 27389   1.9428 121.5503 0012629 251.7660 150.0631  1.00273702 41013
JCSAT-2A                
1 27399U 02015A   12347.65963478 -.00000164  00000-0  10000-3 0  8774
2 27399   0.0058 289.0774 0001525 316.2396 227.9244  1.00271640 39288
ASTRA 3A                
1 27400U 02015B   12352.93676194  .00000130  00000-0  00000+0 0  6865
2 27400   0.5429  77.4593 0004799 181.2692 189.1399  1.00270444 39349
INTELSAT 903 (IS-903)   
1 27403U 02016A   12352.94926427 -.00000245  00000-0  10000-3 0  7625
2 27403   0.0125  10.4911 0002739 259.4099 124.2983  1.00270619 39334
NSS-7                   
1 27414U 02019A   12349.00000000 -.00000158  00000-0  00000+0 0   455
2 27414   0.0430 333.5410 0001335 289.2430 160.2940  1.00267951 39124
DIRECTV 5 (TEMPO 1)     
1 27426U 02023A   12352.43244821 -.00000064  00000-0  10000-3 0   647
2 27426   0.0021  35.9736 0003098 229.4112 226.6356  1.00271997 38894
INTELSAT 905 (IS-905)   
1 27438U 02027A   12353.13389411 -.00000191  00000-0  00000+0 0  5963
2 27438   0.0062 297.3802 0002263 321.0142 212.4432  1.00270453 38653
EXPRESS-A4              
1 27441U 02029A   12353.17189962 -.00000121  00000-0  10000-3 0  1539
2 27441   2.9534  69.5889 0000218 333.5225  91.9540  1.00270468 38559
GALAXY 3C (G-3C)        
1 27445U 02030A   12352.32940302 -.00000158  00000-0  10000-3 0  7057
2 27445   0.0238 174.5181 0000243 355.5597 299.7891  1.00270319 38528
EUTELSAT 5 WEST A       
1 27460U 02035A   12353.17870097 -.00000049  00000-0  10000-3 0  8337
2 27460   0.0406 352.6003 0004505 258.5120 255.4479  1.00273156 38324
N-STAR C                
1 27461U 02035B   12349.69126756 -.00000313  00000-0  10000-3 0  5641
2 27461   1.3519  76.9951 0002856 157.7766 233.8297  1.00268305 38299
EUTELSAT HOT BIRD 13A   
1 27499U 02038A   12352.88337985  .00000079  00000-0  00000+0 0  2143
2 27499   0.0566 278.2154 0005797 343.7310 155.9396  1.00270926 37834
ECHOSTAR 8              
1 27501U 02039A   12352.48063167 -.00000249  00000-0  10000-3 0  1326
2 27501   0.0379  65.0238 0002249 211.2163 266.2401  1.00269823 37847
EUTELSAT 12 WEST A      
1 27508U 02040A   12353.06880729 -.00000108  00000-0  10000-3 0  9378
2 27508   0.0693   6.7608 0002486 293.8945 158.6691  1.00270772 37832
METEOSAT-8 (MSG-1)      
1 27509U 02040B   12351.11921684  .00000053  00000-0  10000-3 0  1616
2 27509   1.7448  61.7596 0001608 158.6551 276.8635  1.00271666 37814
INTELSAT 906 (IS-906)   
1 27513U 02041A   12347.91687338  .00000015  00000-0  10000-3 0  7850
2 27513   0.0080   5.9047 0003353 281.4641 188.8483  1.00271822 37657
KODAMA (DRTS)           
1 27516U 02042B   12353.23960140 -.00000243  00000-0  10000-3 0   522
2 27516   1.8257  73.7561 0002333 170.7911  19.7055  1.00270801 37671
KALPANA-1 (METSAT 1)    
1 27525U 02043A   12352.61282576 -.00000087  00000-0  10000-3 0  5929
2 27525   3.2641  68.5520 0006210 198.1323 114.5400  1.00271381 37627
HISPASAT 1D             
1 27528U 02044A   12348.30000000 -.00000217  00000-0  00000+0 0  6813
2 27528   0.0280 333.8250 0005870 309.7280 236.8470  1.00272097 37513
EUTELSAT 70A            
1 27554U 02051A   12352.90232163 -.00000050  00000-0  10000-3 0  7527
2 27554   0.0394 350.9139 0004339 268.2546 223.0422  1.00271347 36956
TDRS 10                 
1 27566U 02055A   12352.53609694  .00000076  00000-0  10000-3 0  7617
2 27566   1.9261  64.7408 0012211 188.3032 212.3122  1.00263333 36832
NSS-6                   
1 27603U 02057A   12349.00000000 -.00000274  00000-0  00000+0 0  6036
2 27603   0.0390 328.6560 0002324 304.4810 264.9380  1.00277792 36650
NIMIQ 2                 
1 27632U 02062A   12350.20676122 -.00000180  00000-0  00000+0 0  5790
2 27632   0.0421 197.6967 0003980  37.0248 192.8886  1.00270914 36520
INTELSAT 907 (IS-907)   
1 27683U 03007A   12349.37639510 -.00000207  00000-0  10000-3 0  3571
2 27683   0.0088 331.3521 0003288 298.4462 281.6482  1.00270408 36022
INSAT-3A                
1 27714U 03013A   12353.23072038 -.00000265  00000-0  10000-3 0  4462
2 27714   0.0709 258.7900 0006071  11.1634 353.8429  1.00270763 35536
GALAXY 12 (G-12)        
1 27715U 03013B   12352.39990811  .00000051  00000-0  10000-3 0  6304
2 27715   0.0142 281.3075 0001877 324.9992 215.0890  1.00272085 35578
ASIASAT 4               
1 27718U 03014A   12352.85393845 -.00000367  00000-0  10000-3 0  2030
2 27718   0.0074  36.8845 0000898 283.8281 195.6748  1.00272335 35516
HELLAS-SAT 2            
1 27811U 03020A   12353.05305917  .00000145  00000-0  10000-3 0  5257
2 27811   0.0148  31.2675 0003451 235.9132 237.9771  1.00273153 35068
BEIDOU 1C               
1 27813U 03021A   12353.11007650 -.00000084  00000-0  10000-3 0  7604
2 27813   1.9510  76.7373 0005450 236.1018 251.9090  1.00096045 35084
AMC-9 (GE-12)           
1 27820U 03024A   12351.29333766 -.00000223  00000-0  00000+0 0  6667
2 27820   0.0101 352.5742 0002789 282.9803 192.3656  1.00269880 34923
THURAYA-2               
1 27825U 03026A   12352.87423566  .00000125  00000-0  10000-3 0  3625
2 27825   3.3773  16.6270 0004569 239.4148 189.6009  1.00272810 34939
BSAT-2C                 
1 27830U 03028A   12352.76460995 -.00000357  00000-0  10000-3 0  6630
2 27830   0.0577 236.7231 0004546 358.1809 236.9780  1.00269151 34904
OPTUS C1                
1 27831U 03028B   12352.60543685 -.00000155  00000-0  10000-3 0  7493
2 27831   0.0695 124.9562 0004198 111.4445 224.1887  1.00270574 34896
ECHOSTAR 12 (RAINBOW 1) 
1 27852U 03033A   12350.15290534 -.00000288  00000-0  10000-3 0  6702
2 27852   0.0114   0.9471 0000248 290.5702 146.3616  1.00268864 34539
GALAXY 23 (G-23)        
1 27854U 03034A   12352.11004620  .00000005  00000-0  10000-3 0  6191
2 27854   0.0148 358.5043 0003078 267.2844  98.9861  1.00272425 34337
EUTELSAT 33A            
1 27948U 03043A   12352.04946418  .00000148  00000-0  10000-3 0  7871
2 27948   0.0470  15.2130 0001333 118.7494   3.0124  1.00273275 33899
INSAT-3E                
1 27951U 03043E   12353.16980051  .00000078  00000-0  10000-3 0  5409
2 27951   0.0821  72.3440 0004927 176.0121 315.0139  1.00273309 33808
GALAXY 13 (HORIZONS-1)  
1 27954U 03044A   12348.47764831  .00000047  00000-0  00000+0 0  4845
2 27954   0.0007 348.6443 0000800 143.3617 355.5063  1.00269957 33777
ZHONGXING-20            
1 28082U 03052A   12352.74073858 -.00000299  00000-0  10000-3 0  7785
2 28082   0.1560  75.6318 0004837 223.4027 152.4698  1.00267821 33352
YAMAL 202               
1 28089U 03053A   12352.81318491  .00000112  00000-0  10000-3 0  6452
2 28089   0.0363 271.6720 0002814 353.5429 163.3635  1.00275039 33271
YAMAL 201               
1 28094U 03053B   12352.91537980 -.00000235  00000-0  10000-3 0   962
2 28094   0.0361 274.2690 0002414 347.2388 244.8878  1.00268701 35443
AMOS-2                  
1 28132U 03059A   12347.28860876 -.00000031  00000-0  10000-3 0  4124
2 28132   0.0483 261.8700 0003037 357.9423 281.4810  1.00271925 32908
EXPRESS-AM22 (SESAT 2)  
1 28134U 03060A   12350.64710400  .00000091  00000-0  10000-3 0  7778
2 28134   0.0165 339.3851 0000903  16.1029  15.1719  1.00272826 32866
AMC-10 (GE-10)          
1 28154U 04003A   12352.40287084  .00000080  00000-0  10000-3 0  6857
2 28154   0.0161 330.9712 0001936 286.7204 198.7720  1.00272902 32500
MBSAT                   
1 28184U 04007A   12353.14047439 -.00000257  00000-0  10000-3 0  5434
2 28184   0.0104 308.5812 0001541 295.9602  37.2327  1.00270024 32196
EUTELSAT 7A             
1 28187U 04008A   12347.13568456  .00000052  00000-0  10000-3 0  4731
2 28187   0.0634 356.6381 0004294 260.7762 239.7073  1.00273950 32094
DIRECTV 7S              
1 28238U 04016A   12352.39208458 -.00000007  00000-0  10000-3 0  6513
2 28238   0.0094 356.7577 0002508 267.3296 204.4084  1.00271865 31655
AMC-11 (GE-11)          
1 28252U 04017A   12347.54465535  .00000071  00000-0  10000-3 0  3531
2 28252   0.0188   6.6272 0002306 263.4572 236.6409  1.00272533 31390
INTELSAT 10-02          
1 28358U 04022A   12350.32358935 -.00000018  00000-0  10000-3 0  4374
2 28358   0.0091 134.2460 0000142  77.6491 347.9970  1.00270412 31177
APSTAR 5 (TELSTAR 18)   
1 28364U 04024A   12352.66560262 -.00000302  00000-0  10000-3 0  5108
2 28364   0.0186 284.9809 0001733 336.7497 202.5483  1.00270383 31184
ANIK F2                 
1 28378U 04027A   12352.43258123 -.00000057  00000-0  10000-3 0  2015
2 28378   0.0244 358.3275 0000631 116.3294  16.4474  1.00270866 30929
AMAZONAS 1              
1 28393U 04031A   12350.46012483 -.00000289  00000-0  10000-3 0   560
2 28393   0.0310 314.2897 0002557 330.7300 264.1299  1.00268708 30671
AMC-15                  
1 28446U 04041A   12352.46274697 -.00000096  00000-0  10000-3 0  6460
2 28446   0.0156 331.2157 0001797 303.5396 233.2609  1.00270900 29963
FENGYUN 2C              
1 28451U 04042A   12352.89885221 -.00000367  00000-0  10000-3 0  5689
2 28451   4.3637  64.2327 0001943  60.4856  49.4614  1.00267608 29880
EXPRESS-AM1             
1 28463U 04043A   12352.65793990  .00000141  00000-0  10000-3 0  4439
2 28463   2.2311  71.4593 0001498 319.7930 332.2820  1.00272733 29788
AMC-16                  
1 28472U 04048A   12352.28959450 -.00000214  00000-0  10000-3 0  6285
2 28472   0.0098 340.0284 0002793 255.2897 230.2378  1.00269278 29384
NSS-10 (AMC-12)         
1 28526U 05003A   12351.34046110 -.00000258  00000-0  10000-3 0   869
2 28526   0.0170  10.8268 0002420 260.7330 258.9700  1.00270154 28873
XTAR-EUR                
1 28542U 05005A   12350.07295111  .00000145  00000-0  00000+0 0  1179
2 28542   0.0219 282.0932 0001191 338.1637 239.1494  1.00272514 28727
HIMAWARI-6 (MTSAT-1R)   
1 28622U 05006A   12349.63088213 -.00000285  00000-0  10000-3 0  7988
2 28622   0.0091 251.0469 0000657 169.6947  30.1038  1.00268075 28553
XM-3 (RHYTHM)           
1 28626U 05008A   12348.34444348 -.00000206  00000-0  10000-3 0  2928
2 28626   0.0313 173.0686 0000349 329.6027 338.6859  1.00270532 28595
INMARSAT 4-F1           
1 28628U 05009A   12352.53400582 -.00000269  00000-0  10000-3 0  6573
2 28628   2.5627 347.7318 0002482 273.0679 161.4849  1.00269427 28254
EXPRESS-AM2             
1 28629U 05010A   12352.01304698 -.00000144  00000-0  10000-3 0  1241
2 28629   0.0288 163.2570 0000616  58.5601 308.9273  1.00270874 28279
APSTAR 6                
1 28638U 05012A   12351.88594709 -.00000326  00000-0  10000-3 0  4471
2 28638   0.0365  54.6240 0002067 233.2008 251.0309  1.00269476 52986
SPACEWAY 1              
1 28644U 05015A   12351.42453719 -.00000110  00000-0  10000-3 0  5186
2 28644   0.0471 174.8367 0000197 265.2824  55.2589  1.00271088 28078
DIRECTV 8               
1 28659U 05019A   12352.46757142 -.00000123  00000-0  10000-3 0  5935
2 28659   0.0110 320.0598 0002827 303.3653 250.5142  1.00270958 27755
GALAXY 28 (G-28)        
1 28702U 05022A   12349.39265238 -.00000189  00000-0  10000-3 0  3802
2 28702   0.0125  24.1024 0002537 131.2450 340.4536  1.00270589 27438
EXPRESS-AM3             
1 28707U 05023A   12349.63081648 -.00000285  00000-0  10000-3 0  8886
2 28707   0.0055 254.0513 0002838  56.2284 140.4684  1.00272121 27400
THAICOM 4               
1 28786U 05028A   12352.73184595 -.00000370  00000-0  10000-3 0  1167
2 28786   0.0043 312.8408 0002155 296.7970 220.0768  1.00269593 26973
GALAXY 14 (G-14)        
1 28790U 05030A   12352.55615740  .00000028  00000-0  10000-3 0  4292
2 28790   0.0213 359.3115 0002258 248.2664 274.2465  1.00274320 26872
ANIK F1R                
1 28868U 05036A   12352.05655823 -.00000082  00000-0  10000-3 0  1013
2 28868   0.0180 311.3780 0001729 282.7854 124.9669  1.00271066 26717
GALAXY 15 (G-15)        
1 28884U 05041A   12352.40105542  .00000071  00000-0  10000-3 0  4205
2 28884   0.0187 302.9257 0000797 265.7223 249.1532  1.00271226 26304
SYRACUSE 3A             
1 28885U 05041B   12352.87166230  .00000122  00000-0  00000+0 0  2387
2 28885   0.0265  46.8586 0001579 199.1668 201.6457  1.00272526 26418
INMARSAT 4-F2           
1 28899U 05044A   12353.10329347  .00000129  00000-0  10000-3 0  5028
2 28899   2.2596 344.6697 0002617 271.7330 252.9773  1.00272673 26089
TELKOM 2                
1 28902U 05046A   12352.67338333 -.00000370  00000-0  10000-3 0  2421
2 28902   0.0376  97.9123 0000842 164.3235 184.8877  1.00269580 25986
SPACEWAY 2              
1 28903U 05046B   12352.55091832 -.00000134  00000-0  10000-3 0  3866
2 28903   0.0270 164.0455 0000228 327.7908  53.9555  1.00272106 26061
INSAT-4A                
1 28911U 05049A   12352.54511200 -.00000172  00000-0  10000-3 0  4596
2 28911   0.0320  66.7029 0006813 202.1401  96.9534  1.00271377 25669
METEOSAT-9 (MSG-2)      
1 28912U 05049B   12351.15054029 -.00000014  00000-0  10000-3 0  3330
2 28912   0.3733 347.6243 0002415 118.7297  32.6134  1.00275229 25662
AMC-23                  
1 28924U 05052A   12352.40832662 -.00000014  00000-0  10000-3 0  3030
2 28924   0.0105 339.8670 0002540 283.2259 142.3314  1.00271735 25552
ECHOSTAR 10             
1 28935U 06003A   12353.14753475 -.00000063  00000-0  10000-3 0  5323
2 28935   0.0173 352.8820 0001076 225.9736 171.2233  1.00272270 25092
MTSAT-2                 
1 28937U 06004A   12351.46260345 -.00000250  00000-0  10000-3 0  2963
2 28937   0.0436  74.1202 0002548 203.3494 119.5881  1.00271561 25052
SPAINSAT                
1 28945U 06007A   12348.50000000 -.00000217  00000-0  00000+0 0  9567
2 28945   0.0180 238.2220 0006466   8.2090 346.1620  1.00272668 24784
EUTELSAT 9A             
1 28946U 06007B   12353.00335500  .00000054  00000-0  10000-3 0   345
2 28946   0.0673  71.9871 0005424 195.2228 190.0017  1.00272613 24886
JCSAT-5A                
1 29045U 06010A   12352.82992535 -.00000335  00000-0  10000-3 0   866
2 29045   0.0168  10.3430 0001871 209.1621 298.1515  1.00269899 24524
ASTRA 1KR               
1 29055U 06012A   12349.00000000  .00000116  00000-0  00000+0 0  5655
2 29055   0.0780 286.5100 0003668 313.5340 222.1980  1.00266570 24403
GOES 13                 
1 29155U 06018A   12352.42107424 -.00000258  00000-0  10000-3 0  3404
2 29155   0.2645  98.0055 0001383 342.0812  83.4387  1.00269471 24080
SATMEX 6                
1 29162U 06020A   12350.36698664 -.00000044  00000-0  10000-3 0  9978
2 29162   0.0482 121.7919 0001465 122.2759 219.4602  1.00271238 24026
THAICOM 5               
1 29163U 06020B   12352.80780516 -.00000128  00000-0  10000-3 0  3054
2 29163   0.0467 270.6413 0004601 353.1422 192.3215  1.00271126 24115
GALAXY 16 (G-16)        
1 29236U 06023A   12352.55092049 -.00000134  00000-0  10000-3 0  3481
2 29236   0.0026 267.9473 0003147 335.1234 302.8221  1.00271123 23837
EUTELSAT HOT BIRD 13B   
1 29270U 06032A   12352.88338080  .00000079  00000-0  10000-3 0  9543
2 29270   0.0642   4.2034 0004362 291.4743 122.2179  1.00270454 23442
JCSAT-3A                
1 29272U 06033A   12351.70782777 -.00000353  00000-0  10000-3 0  1281
2 29272   0.0122 357.6498 0001960 282.9058 188.0107  1.00269944 23321
SYRACUSE 3B             
1 29273U 06033B   12353.17870097 -.00000051  00000-0  10000-3 0   495
2 29273   0.0187  47.2455 0003334 210.2727 248.7933  1.00270609 23323
KOREASAT 5 (MUGUNGWHA 5)
1 29349U 06034A   12348.55506052  .00000000  00000-0  10000-3 0  1509
2 29349   0.0405  66.3786 0002038 206.7894 122.3252  1.00265195 20641
ZHONGXING-22A           
1 29398U 06038A   12353.22462128 -.00000318  00000-0  10000-3 0  8434
2 29398   2.6527  70.1777 0002549 209.0778 350.3247  1.00249901 23013
DIRECTV 9S              
1 29494U 06043A   12353.24901503 -.00000121  00000-0  10000-3 0  2519
2 29494   0.0042  40.2649 0002868 213.0535 182.4820  1.00270857 22687
OPTUS D1                
1 29495U 06043B   12352.60282532 -.00000118  00000-0  10000-3 0  1091
2 29495   0.0050 326.2396 0002900 295.6851 201.7135  1.00271360 22715
XM-4 (BLUES)            
1 29520U 06049A   12350.36880700 -.00000029  00000-0  10000-3 0  9761
2 29520   0.0278 193.7265 0000426 175.4213  92.7944  1.00271288 22553
BADR-4                  
1 29526U 06051A   12352.87703836  .00000137  00000-0  10000-3 0  1167
2 29526   0.0471 330.3487 0005017 314.7378 143.5282  1.00272735 22468
FENGYUN 2D              
1 29640U 06053A   12351.88212678 -.00000214  00000-0  10000-3 0  5740
2 29640   2.7651  72.8770 0000477 317.9712  99.8857  1.00272496 22127
WILDBLUE-1              
1 29643U 06054A   12352.43258089 -.00000057  00000-0  10000-3 0  8481
2 29643   0.0121  57.7959 0001220 184.9144 248.2956  1.00271121 22115
AMC-18                  
1 29644U 06054B   12350.36353525 -.00000096  00000-0  10000-3 0  2402
2 29644   0.0019 324.9362 0002826 286.3435 219.0820  1.00271921 22105
MEASAT-3                
1 29648U 06056A   12353.23791363 -.00000248  00000-0  10000-3 0  9241
2 29648   0.0251  62.1755 0001107 164.4461  37.7776  1.00271026 22145
KIKU-8 (ETS-VIII)       
1 29656U 06059A   12349.33790278 -.00000243  00000-0  10000-3 0   665
2 29656   2.3726  71.4015 0004924 201.3733  78.0114  1.00269434 21997
INSAT-4B                
1 30793U 07007A   12351.98260969 -.00000265  00000-0  10000-3 0  1515
2 30793   0.0159 316.1941 0001194 219.9338 357.1044  1.00269447 21149
SKYNET 5A               
1 30794U 07007B   12352.98702259  .00000034  00000-0  10000-3 0  9623
2 30794   0.0707 358.4731 0003095 254.2966 195.5467  1.00272962 21314
ANIK F3                 
1 31102U 07009A   12349.41311538 -.00000005  00000-0  10000-3 0   876
2 31102   0.0063 266.9831 0001684 349.9099 216.6261  1.00271117 20876
ASTRA 1L                
1 31306U 07016A   12349.00000000  .00000116  00000-0  00000+0 0  5135
2 31306   0.0960 304.6660 0003708 340.4820 177.1040  1.00267023 20614
GALAXY 17 (G-17)        
1 31307U 07016B   12349.05694486 -.00000178  00000-0  00000+0 0   525
2 31307   0.0277  64.7969 0002997 194.7223 113.1164  1.00270827 20611
EUTELSAT 3A             
1 31577U 07021A   12353.17169861  .00000013  00000-0  00000+0 0  5748
2 31577   0.0021 275.5533 0001653 290.1643 306.4185  1.00269698 20356
ZHONGXING-6B            
1 31800U 07031A   12353.18232530 -.00000368  00000-0  10000-3 0  5618
2 31800   0.0049 341.7062 0002631 292.2714 354.3869  1.00272618 20040
DIRECTV 10              
1 31862U 07032A   12349.57783642 -.00000108  00000-0  10000-3 0   471
2 31862   0.0367 201.7895 0000374 206.5639 140.5204  1.00270955 19943
SPACEWAY 3              
1 32018U 07036A   12352.32931441 -.00000159  00000-0  10000-3 0  9653
2 32018   0.0277 151.4353 0000343 349.6901 328.8414  1.00271346 19695
BSAT-3A                 
1 32019U 07036B   12348.48857709 -.00000351  00000-0  10000-3 0  8619
2 32019   0.0440 154.6949 0002588  12.0446 201.5781  1.00269095 19593
INSAT-4CR               
1 32050U 07037A   12352.61139091 -.00000085  00000-0  10000-3 0  1383
2 32050   0.0263  61.9227 0003661 196.5672 122.2688  1.00271962 19425
OPTUS D2                
1 32252U 07044A   12352.60637383 -.00000191  00000-0  10000-3 0   782
2 32252   0.0289  63.9701 0002882 195.9929 196.9530  1.00269953 19104
INTELSAT 11 (IS-11)     
1 32253U 07044B   12349.15789726 -.00000272  00000-0  10000-3 0  7820
2 32253   0.0167 274.0004 0003130  30.4561 152.6020  1.00269356 19068
STAR ONE C1             
1 32293U 07056A   12353.14811096 -.00000284  00000-0  10000-3 0  8685
2 32293   0.0247 258.1101 0001763  29.0146 148.3621  1.00270669 18736
SKYNET 5B               
1 32294U 07056B   12353.05871259  .00000092  00000-0  00000+0 0  9775
2 32294   0.0680 351.7489 0003819 261.3612 267.8297  1.00273120 18810
ASTRA 4A (SIRIUS 4)     
1 32299U 07057A   12353.17169861  .00000025  00000-0  10000-3 0  8537
2 32299   0.0106  12.8206 0002351 248.5974 252.3818  1.00271323 18662
RADUGA-1M 1             
1 32373U 07058A   12352.65814625 -.00000046  00000-0  10000-3 0  4404
2 32373   0.0211  30.9685 0001728 230.3353 132.2995  1.00271203 19302
HORIZONS-2              
1 32388U 07063B   12352.90157160 -.00000192  00000-0  10000-3 0  9045
2 32388   0.0196 354.3765 0002315 288.1631 214.0719  1.00270027 18456
THURAYA-3               
1 32404U 08001A   12352.83693233 -.00000311  00000-0  10000-3 0  9723
2 32404   4.7700 340.3046 0004702 269.8678 236.6163  1.00270233 18107
EXPRESS-AM33            
1 32478U 08003A   12353.02867748 -.00000287  00000-0  10000-3 0  3762
2 32478   0.0318 234.2243 0001182 164.4940 155.1224  1.00268740 18218
THOR 5                  
1 32487U 08006A   12351.15054029 -.00000017  00000-0  10000-3 0  9089
2 32487   0.0263 237.2850 0001886  43.7414 217.5931  1.00271138 17740
KIZUNA (WINDS)          
1 32500U 08007A   12352.66269479 -.00000266  00000-0  10000-3 0  8322
2 32500   0.0654 274.1605 0001990 343.3359 210.7476  1.00270043 17698
AMC-14                  
1 32708U 08011A   12351.99378196  .00000149  00000-0  10000-3 0   364
2 32708  15.8802  90.9146 0045024 357.9931  29.2938  1.00269923 18731
DIRECTV 11              
1 32729U 08013A   12353.14420021 -.00000132  00000-0  10000-3 0  9994
2 32729   0.0319 144.2318 0000474 293.5221 322.0791  1.00271164 17510
ICO G1                  
1 32763U 08016A   12352.48778527 -.00000180  00000-0  10000-3 0  9508
2 32763   4.5577 339.1217 0003435 282.7151 267.4318  1.00270782 17161
VINASAT-1               
1 32767U 08018A   12352.83200028 -.00000336  00000-0  10000-3 0  8770
2 32767   0.0191  11.2962 0001115 257.5665 249.4394  1.00269801 17182
STAR ONE C2             
1 32768U 08018B   12353.20936419 -.00000272  00000-0  10000-3 0  8491
2 32768   0.0384  54.5721 0002335 239.0536 158.9671  1.00269773 17222
TIANLIAN I (CTDRS-1)    
1 32779U 08019A   12353.11250703 -.00000113  00000-0  10000-3 0  3522
2 32779   0.1382 266.8682 0006776 293.9572   3.7726  1.00272746 17041
AMOS-3                  
1 32794U 08022A   12353.12234638 -.00000042  00000-0  10000-3 0  7012
2 32794   0.0250 269.1773 0000870 292.9949 284.9901  1.00269924 17024
GALAXY 18 (G-18)        
1 32951U 08024A   12349.41682049  .00000021  00000-0  10000-3 0  7284
2 32951   0.0090 240.3018 0002694  25.2907 204.9417  1.00270948 16752
CHINASAT 9 (ZX 9)       
1 33051U 08028A   12352.81302876 -.00000255  00000-0  10000-3 0  3270
2 33051   0.0131  17.1937 0004112 240.4382 214.0855  1.00270457 16602
SKYNET 5C               
1 33055U 08030A   12352.11511606 -.00000148  00000-0  10000-3 0  6929
2 33055   0.0706 338.3362 0002935 272.3032 219.1084  1.00270344 16594
TURKSAT 3A              
1 33056U 08030B   12351.21353444  .00000138  00000-0  10000-3 0  7518
2 33056   0.0091  26.8710 0002255 248.3617 288.8940  1.00272097 16631
COSMOS 2440             
1 33108U 08033A   12351.71697023 -.00000050  00000-0  10000-3 0   829
2 33108   1.6325  54.7558 0001948  23.7839 335.5765  1.00266713 16379
INTELSAT 25 (IS-25)     
1 33153U 08034A   12348.37693132 -.00000225  00000-0  10000-3 0  7703
2 33153   0.0193 356.8359 0001922 251.5763 298.2431  1.00271197 16275
BADR-6                  
1 33154U 08034B   12353.10329347  .00000137  00000-0  10000-3 0  8066
2 33154   0.0585  18.1041 0001925 286.3739 205.8005  1.00269923 16342
ECHOSTAR 11             
1 33207U 08035A   12353.14754109 -.00000064  00000-0  10000-3 0  9755
2 33207   0.0127 333.7778 0002497 297.7451 118.7514  1.00271786 16233
SUPERBIRD-C2            
1 33274U 08038A   12351.53793863 -.00000259  00000-0  10000-3 0  9636
2 33274   0.0208  36.1755 0001037 205.4518 181.5504  1.00271372 15940
AMC-21                  
1 33275U 08038B   12352.55623925  .00000028  00000-0  10000-3 0  8891
2 33275   0.0131 340.3048 0002163 284.2548 257.4127  1.00274385 16043
INMARSAT 4-F3           
1 33278U 08039A   12352.46792588 -.00000149  00000-0  10000-3 0  9747
2 33278   3.0086 345.0505 0002791 272.2290 260.0268  1.00270934 15902
NIMIQ 4                 
1 33373U 08044A   12348.34451971 -.00000221  00000-0  10000-3 0  6860
2 33373   0.0025 349.2201 0001889 292.4900 202.7615  1.00271063 15549
GALAXY 19 (G-19)        
1 33376U 08045A   12352.50734111 -.00000147  00000-0  10000-3 0  7999
2 33376   0.0087 292.8853 0002365 330.7309 268.5055  1.00271304 15530
VENESAT-1               
1 33414U 08055A   12352.48076594 -.00000245  00000-0  10000-3 0  1582
2 33414   0.0375 133.1690 0000870 156.5163 251.8705  1.00269193 15237
ASTRA 1M                
1 33436U 08057A   12349.00000000  .00000116  00000-0  00000+0 0   996
2 33436   0.0200 339.2590 0002657 228.4210 254.5930  1.00264059 15071
CIEL-2                  
1 33453U 08063A   12352.55605950  .00000050  00000-0  10000-3 0  7552
2 33453   0.0159  16.9221 0002613 240.5054 260.4696  1.00271190 14748
EUTELSAT HOT BIRD 13C   
1 33459U 08065A   12352.88337959  .00000079  00000-0  10000-3 0  7323
2 33459   0.0570  62.4265 0000857 176.1664 179.2963  1.00270513 14825
EUTELSAT 28B            
1 33460U 08065B   12353.09982810  .00000143  00000-0  00000+0 0  6338
2 33460   0.0420 264.0389 0004109  41.8270 205.6357  1.00271736 14686
FENGYUN 2E              
1 33463U 08066A   12352.01706966 -.00000338  00000-0  10000-3 0   830
2 33463   0.9520  39.5338 0001594  52.0798 104.7563  1.00280756 14660
EXPRESS-AM44            
1 33595U 09007A   12353.17630150 -.00000096  00000-0  10000-3 0   539
2 33595   0.0043 265.6627 0000990  87.5463 146.4361  1.00270768 14145
EXPRESS-MD1             
1 33596U 09007B   12352.01304698 -.00000144  00000-0  10000-3 0  1015
2 33596   0.0130 295.7338 0002024 319.4299 275.6657  1.00270109 14164
NSS-9                   
1 33749U 09008A   12349.00000000  .00000067  00000-0  00000+0 0  7789
2 33749   0.0420 349.7070 0002792 265.1540  11.1970  1.00265613 14094
EUTELSAT 3C             
1 33750U 09008B   12352.92902914  .00000012  00000-0  10000-3 0  8697
2 33750   0.0650 346.1402 0003354 253.4095 184.9228  1.00271678 14173
TELSTAR 11N             
1 34111U 09009A   12351.22638212 -.00000259  00000-0  10000-3 0  7063
2 34111   0.0014 351.3817 0002655 251.6712 246.1518  1.00269938 13972
RADUGA-1 8              
1 34264U 09010A   12353.16794869  .00000071  00000-0  10000-3 0   727
2 34264   2.3829  93.6322 0001887 173.9385 251.4903  1.00270927 13927
EUTELSAT 10A            
1 34710U 09016A   12353.00371750  .00000061  00000-0  10000-3 0  7515
2 34710   0.0627 359.6056 0004700 261.5278 197.2105  1.00272775 13648
BEIDOU G2               
1 34779U 09018A   12350.88933634  .00000133  00000-0  10000-3 0  8184
2 34779   2.1694  69.9191 0057846 168.2650 191.2804  1.00304259 13640
SICRAL 1B               
1 34810U 09020A   12353.00371750  .00000072  00000-0  10000-3 0  6961
2 34810   0.1260  83.1383 0002868 203.2597 173.6880  1.00273297 13508
SES-7 (PROTOSTAR 2)     
1 34941U 09027A   12353.21144174 -.00000352  00000-0  10000-3 0  7710
2 34941   0.0164 310.5825 0000480 324.3825 356.5680  1.00270385 13202
MEASAT-3A               
1 35362U 09032A   12353.23686538 -.00000248  00000-0  10000-3 0  4790
2 35362   0.0122 294.1995 0003193 337.5831 352.2379  1.00271703 12815
GOES 14                 
1 35491U 09033A   12352.37886384 -.00000189  00000-0  10000-3 0  7538
2 35491   0.1697 261.6294 0005107 278.9599 312.5550  1.00264756 12756
SIRIUS FM-5             
1 35493U 09034A   12353.21383282 -.00000152  00000-0  10000-3 0  5835
2 35493   0.0028 336.9055 0001513  43.3324  47.9646  1.00270806 12740
TERRESTAR-1             
1 35496U 09035A   12352.33686234 -.00000065  00000-0  10000-3 0  7727
2 35496   4.4072 324.8743 0002924 298.9336 192.8347  1.00271940 12746
ASIASAT 5               
1 35696U 09042A   12351.92090973 -.00000314  00000-0  10000-3 0  9448
2 35696   0.0136 335.7426 0001205 245.4488 296.7547  1.00268451 12273
JCSAT-RA (JCSAT-12)     
1 35755U 09044A   12350.85325980 -.00000353  00000-0  10000-3 0  6109
2 35755   0.0541  37.1937 0001539 163.6472 319.1575  1.00269786 12210
OPTUS D3                
1 35756U 09044B   12353.13146380 -.00000154  00000-0  10000-3 0  6333
2 35756   0.0455 332.1909 0003328 298.5189  19.7722  1.00272241 12210
PALAPA D                
1 35812U 09046A   12348.68401412 -.00000360  00000-0  10000-3 0  6409
2 35812   0.0145  37.0967 0002072 261.1560 143.7120  1.00269608 12211
NIMIQ 5                 
1 35873U 09050A   12352.31024560 -.00000265  00000-0  10000-3 0  6359
2 35873   0.0173  37.6808 0001858 229.3529 218.2872  1.00270592 11935
AMAZONAS 2              
1 35942U 09054A   12352.32712490 -.00000290  00000-0  10000-3 0  5792
2 35942   0.0471 143.3995 0002442  68.4304 291.2855  1.00271062 11786
COMSATBW-1              
1 35943U 09054B   12347.91375301  .00000024  00000-0  10000-3 0  6063
2 35943   0.0007 260.1636 0002180 341.8017 232.0430  1.00274436 11780
NSS-12                  
1 36032U 09058A   12352.00589848  .00000063  00000-0  10000-3 0  5866
2 36032   0.0157   1.9470 0002357 249.9586 253.2498  1.00272215 11511
THOR 6                  
1 36033U 09058B   12349.30815830 -.00000014  00000-0  10000-3 0  6519
2 36033   0.0211 315.2767 0001452 332.8851 265.3200  1.00272445 11504
INTELSAT 14 (IS-14)     
1 36097U 09064A   12352.32749841 -.00000281  00000-0  10000-3 0  4749
2 36097   0.0104  10.8943 0001687 244.9939 263.3478  1.00270006 11279
EUTELSAT 36B            
1 36101U 09065A   12352.80777573  .00000148  00000-0  10000-3 0  6576
2 36101   0.0636   1.0544 0004066 256.9708 155.5064  1.00273352 11387
INTELSAT 15 (IS-15)     
1 36106U 09067A   12351.60021983 -.00000193  00000-0  10000-3 0  6703
2 36106   0.0456  35.7197 0002705 228.0838 123.0354  1.00269668 11165
DIRECTV 12              
1 36131U 09075A   12351.42453719 -.00000111  00000-0  10000-3 0  8214
2 36131   0.0327 200.8430 0000431 240.6174  54.0742  1.00270964 10942
BEIDOU G1               
1 36287U 10001A   12353.15269848 -.00000291  00000-0  10000-3 0  8328
2 36287   1.5940 355.2811 0002874 241.7079  45.2167  1.00272399 10754
RADUGA-1M 2             
1 36358U 10002A   12352.90001201 -.00000191  00000-0  10000-3 0  8427
2 36358   0.0015 342.1102 0003011 277.5902 236.2042  1.00269985 10586
SDO                     
1 36395U 10005A   12352.42559984 -.00000034  00000-0  10000-3 0  6350
2 36395  27.8256 170.6291 0000759 332.3281 355.0052  1.00272598 10620
INTELSAT 16 (IS-16)     
1 36397U 10006A   12352.33236537 -.00000293  00000-0  10000-3 0  5760
2 36397   0.0205  30.0518 0002009 222.0638 255.7944  1.00271798 10415
GOES 15                 
1 36411U 10008A   12352.40280520  .00000083  00000-0  10000-3 0  3627
2 36411   0.1923 257.7366 0002331  20.6827 177.5479  1.00269477 10256
ECHOSTAR 14             
1 36499U 10010A   12352.14907865 -.00000008  00000-0  10000-3 0  7357
2 36499   0.0039 314.8968 0002783 309.7041 116.3472  1.00271728 10102
SES-1                   
1 36516U 10016A   12353.24901436 -.00000121  00000-0  10000-3 0  6280
2 36516   0.0145 355.8932 0002195 267.0734 172.9301  1.00270970  9710
ASTRA 3B                
1 36581U 10021A   12351.98477147  .00000129  00000-0  00000+0 0  4936
2 36581   0.0506 299.9876 0001543 269.7784 254.2485  1.00272652  9545
COMSATBW-2              
1 36582U 10021B   12353.17610104  .00000082  00000-0  10000-3 0  5701
2 36582   0.0764  71.4606 0001231 204.9734 247.3750  1.00274275  9569
BEIDOU G3               
1 36590U 10024A   12352.89579638 -.00000362  00000-0  10000-3 0  6733
2 36590   1.2679  14.1594 0003954 310.3265 195.3943  1.00266165  9353
BADR-5                  
1 36592U 10025A   12347.06533318  .00000148  00000-0  10000-3 0  4193
2 36592   0.0279  93.2109 0004401 125.9175 271.5748  1.00272955  9439
COMS 1                  
1 36744U 10032A   12349.85754934 -.00000350  00000-0  10000-3 0  4969
2 36744   0.0316  42.1494 0000404 208.8494 269.8701  1.00270371  9196
ARABSAT-5A              
1 36745U 10032B   12352.87619839  .00000146  00000-0  10000-3 0  4513
2 36745   0.0563 353.3012 0002761 267.7505 171.7464  1.00272227  9255
ECHOSTAR 15             
1 36792U 10034A   12353.14732907 -.00000289  00000-0  10000-3 0  5408
2 36792   0.0247   2.4121 0001690 270.5716 165.5722  1.00271935  8976
BEIDOU IGSO 1           
1 36828U 10036A   12352.38766801 -.00000103  00000-0  10000-3 0  6221
2 36828  54.6286 209.8371 0029010 179.0118 317.3842  1.00280710  8789
NILESAT 201             
1 36830U 10037A   12347.35602697 -.00000055  00000-0  10000-3 0  4659
2 36830   0.0720 161.5312 0005138  85.6971 315.3920  1.00271145  8803
RASCOM-QAF 1R           
1 36831U 10037B   12352.92902914  .00000011  00000-0  10000-3 0  4385
2 36831   0.0240  41.3818 0003921 226.4117 156.4938  1.00272471  8864
CHINASAT 6A (ZX 6A)     
1 37150U 10042A   12350.86678608 -.00000361  00000-0  10000-3 0  6489
2 37150   0.0478 116.1942 0002701 301.2343 104.5242  1.00269349  8489
XM-5                    
1 37185U 10053A   12349.12396591 -.00000208  00000-0  10000-3 0  5438
2 37185   0.0123   0.0545 0002399 156.0481 246.4867  1.00269258  7999
BSAT-3B                 
1 37207U 10056B   12352.89546383 -.00000357  00000-0  10000-3 0  5008
2 37207   0.6225  74.9923 0001389 271.1933 172.7413  1.00270558  7861
BEIDOU G4               
1 37210U 10057A   12353.12720609 -.00000119  00000-0  10000-3 0  5731
2 37210   0.5217 343.9948 0005431 229.8091  79.0972  1.00272105  7878
SKYTERRA 1              
1 37218U 10061A   12352.95354259 -.00000128  00000-0  10000-3 0  5626
2 37218   5.1615 321.5093 0004986 177.0558 190.3825  1.00270519  7802
ZHONGXING-20A           
1 37234U 10064A   12352.73230557 -.00000344  00000-0  10000-3 0  5650
2 37234   0.0303 246.5788 0002937  70.3730 163.4529  1.00274233  7625
HYLAS 1                 
1 37237U 10065A   12348.19552188 -.00000234  00000-0  10000-3 0  4530
2 37237   0.0204 345.0540 0001841 266.8914 227.2151  1.00269154  7534
INTELSAT 17 (IS-17)     
1 37238U 10065B   12352.86389472 -.00000009  00000-0  10000-3 0  3735
2 37238   0.0140  27.1818 0002466 242.4223 194.2645  1.00271550  7609
BEIDOU IGSO 2           
1 37256U 10068A   12351.91670556 -.00000251  00000-0  10000-3 0  5224
2 37256  54.8007 330.1750 0023774 194.4385   8.8348  1.00299729  7361
EUTELSAT KA-SAT 9A      
1 37258U 10069A   12353.00426383  .00000054  00000-0  10000-3 0  4708
2 37258   0.0377 308.8711 0001342 182.1534 326.5040  1.00269343  7393
HISPASAT 1E             
1 37264U 10070A   12348.50000000 -.00000218  00000-0  00000+0 0  4483
2 37264   0.0290 121.9280 0002414  97.4080  13.2360  1.00270122  7194
KOREASAT 6              
1 37265U 10070B   12352.67338333 -.00000369  00000-0  10000-3 0  3919
2 37265   0.0309 242.3438 0001549  79.6958 123.0855  1.00270355  7268
ELEKTRO-L 1 (GOMS 2)    
1 37344U 11001A   12352.86121873 -.00000104  00000-0  10000-3 0  4965
2 37344   0.0341 211.1086 0001474 359.5465 262.3210  1.00270759  7052
BEIDOU IGSO 3           
1 37384U 11013A   12352.54915153 -.00000176  00000-0  10000-3 0  4362
2 37384  55.9295  90.1735 0026297 177.7069 134.4589  1.00250309  6246
INTELSAT NEW DAWN       
1 37392U 11016A   12353.16623064  .00000149  00000-0  10000-3 0  3571
2 37392   0.0114  42.3274 0001107  46.8431  90.6457  1.00272386  6117
YAHSAT 1A               
1 37393U 11016B   12352.61313058  .00000094  00000-0  10000-3 0  4615
2 37393   0.0011 335.8266 0001235 319.1021  64.9017  1.00271392  6143
TELSTAR 14R             
1 37602U 11021A   12352.32707916 -.00000288  00000-0  10000-3 0  3156
2 37602   0.0130 314.2109 0001956 309.3447 237.5441  1.00269913  6457
GSAT-8                  
1 37605U 11022A   12353.16980051  .00000078  00000-0  10000-3 0  3578
2 37605   0.0274 260.2437 0007008 354.2930 308.8144  1.00272182  5827
ST-2                    
1 37606U 11022B   12348.75044279 -.00000213  00000-0  10000-3 0  3584
2 37606   0.0252  29.6408 0002843 261.5987 149.7143  1.00268871  5790
CHINASAT 10 (ZX 10)     
1 37677U 11026A   12353.21182346 -.00000359  00000-0  10000-3 0  4167
2 37677   0.0275 250.2235 0004059 285.6008  98.1861  1.00271684  5560
TIANLIAN 1-02           
1 37737U 11032A   12352.59288133  .00000024  00000-0  10000-3 0  4003
2 37737   0.0928 259.6974 0002875  27.1882 190.0424  1.00275390  5293
GSAT-12                 
1 37746U 11034A   12353.02943752 -.00000172  00000-0  10000-3 0  3339
2 37746   0.0511 254.5776 0004550 207.7820  78.2806  1.00271496  5547
SES-3                   
1 37748U 11035A   12352.44026875 -.00000109  00000-0  10000-3 0  3627
2 37748   0.0245  13.4450 0002081 266.5339 221.8675  1.00271006  5265
KAZSAT-2                
1 37749U 11035B   12347.97116714  .00000000  00000-0  10000-3 0  2990
2 37749   0.0099 164.0548 0000337 217.5491 136.6005  1.00268625  5286
BEIDOU IGSO 4           
1 37763U 11038A   12352.58274634 -.00000053  00000-0  10000-3 0  2908
2 37763  54.9480 211.9548 0019593 172.5086   8.0039  1.00275137  5218
ASTRA 1N                
1 37775U 11041A   12349.00000000  .00000146  00000-0  00000+0 0  2910
2 37775   0.0840  33.4930 0001807  16.6600  61.1020  1.00268504  5001
BSAT-3C (JCSAT-110R)    
1 37776U 11041B   12352.76461010 -.00000358  00000-0  00000+0 0  3311
2 37776   0.0121 313.0913 0000861  53.7156 105.2181  1.00271217  5125
PAKSAT-1R               
1 37779U 11042A   12352.66760620  .00000146  00000-0  00000+0 0  2484
2 37779   0.0420 150.7378 0001851  99.1384 115.1453  1.00271359  5048
CHINASAT 1A (ZX 1A)     
1 37804U 11047A   12352.82819666 -.00000346  00000-0  10000-3 0  3413
2 37804   0.0843  73.5056 0003470 333.7976 107.5009  1.00268541  4673
COSMOS 2473             
1 37806U 11048A   12352.82209698 -.00000142  00000-0  10000-3 0  3317
2 37806   0.0696  90.7633 0001270 271.1459 100.8240  1.00270994  4645
SES-2                   
1 37809U 11049A   12350.18268271 -.00000202  00000-0  10000-3 0  2417
2 37809   0.0151 331.8751 0002254 303.8319 147.2832  1.00269240  4571
ARABSAT-5C              
1 37810U 11049B   12353.12676593  .00000116  00000-0  10000-3 0  2127
2 37810   0.0618 350.7374 0003374 222.9818 298.9996  1.00271505  4630
EUTELSAT 7 WEST A       
1 37816U 11051A   12353.06678146 -.00000068  00000-0  10000-3 0  3291
2 37816   0.0655 358.3052 0005007 199.5715 265.9293  1.00270466  4543
QUETZSAT 1              
1 37826U 11054A   12353.24280100 -.00000276  00000-0  10000-3 0  2968
2 37826   0.0915 273.8500 0001096 260.0144 295.9580  1.00134358  4671
INTELSAT 18 (IS-18)     
1 37834U 11056A   12352.53891650  .00000045  00000-0  10000-3 0  2499
2 37834   0.0129 311.8932 0000449  36.1557 112.5239  1.00269389  4533
EUTELSAT 16A            
1 37836U 11057A   12349.96083347  .00000098  00000-0  10000-3 0  2545
2 37836   0.0638 344.0059 0004356 293.1326 168.7917  1.00271927  4377
VIASAT-1                
1 37843U 11059A   12348.04740056  .00000000  00000-0  10000-3 0  2284
2 37843   0.0101 353.2076 0002617 178.5085 172.4843  1.00270512  4949
ASIASAT 7               
1 37933U 11069A   12353.21538500 -.00000341  00000-0  10000-3 0  2839
2 37933   0.0075 315.6045 0000591 269.8904  44.8578  1.00269350  4046
BEIDOU IGSO 5           
1 37948U 11073A   12352.84333683 -.00000189  00000-0  10000-3 0  2675
2 37948  54.9166 329.5712 0020649 190.6056 324.9906  1.00270358  3979
AMOS-5                  
1 37950U 11074A   12351.98696326  .00000101  00000-0  10000-3 0  1604
2 37950   0.0164  57.6893 0000674 338.1617  62.4549  1.00271859  3906
LUCH 5A                 
1 37951U 11074B   12334.79299150 -.00000256  00000-0  00000+0 0  2337
2 37951   4.1225 263.1644 0006271   8.0086 178.2509  1.00269962  3577
NIGCOMSAT 1R            
1 38014U 11077A   12352.65750747  .00000137  00000-0  10000-3 0  1892
2 38014   0.0569 116.4131 0001095  16.5316 232.9045  1.00270035  3738
FENGYUN 2F              
1 38049U 12002A   12349.99258546 -.00000362  00000-0  10000-3 0  2502
2 38049   1.6724 277.5399 0007474 238.2205  38.4618  1.00269232  3437
SES-4                   
1 38087U 12007A   12352.35556094 -.00000176  00000-0  10000-3 0  1751
2 38087   0.0143 321.2693 0001782 309.7528 281.3531  1.00271143  3133
BEIDOU G5               
1 38091U 12008A   12352.85609231  .00000050  00000-0  00000+0 0  2266
2 38091   1.3907 309.3808 0001458 294.0920 210.2678  1.00268311  3054
INTELSAT 22 (IS-22)     
1 38098U 12011A   12352.99285528 -.00000066  00000-0  10000-3 0  1465
2 38098   0.0233  28.6654 0002238 219.0185 268.8532  1.00271348  2721
COSMOS 2479             
1 38101U 12012A   12352.59863895 -.00000066  00000-0  10000-3 0  2007
2 38101   1.7463 287.4623 0001592 122.0029  58.4724  1.00273872  2632
APSTAR 7                
1 38107U 12013A   12352.86121882 -.00000109  00000-0  10000-3 0  1767
2 38107   0.0391  59.0902 0002137 209.2179 205.0948  1.00271048  2746
YAHSAT 1B               
1 38245U 12016A   12352.87167884  .00000119  00000-0  10000-3 0  1508
2 38245   0.0074  29.8545 0001275 248.5953 169.8137  1.00271948  2491
JCSAT-13                
1 38331U 12023A   12350.88263749 -.00000364  00000-0  10000-3 0  1343
2 38331   0.0115   6.2458 0001725 206.7031 313.7139  1.00270145  2195
VINASAT-2               
1 38332U 12023B   12352.83209699 -.00000336  00000-0  10000-3 0  1355
2 38332   0.0162 292.5678 0001584 338.0921 247.5841  1.00270406  2208
NIMIQ 6                 
1 38342U 12026A   12352.42157890 -.00000181  00000-0  00000+0 0  1464
2 38342   0.0177 264.0413 0004576  93.5732 149.4694  1.00270743  2168
CHINASAT 2A (ZX 2A)     
1 38352U 12028A   12353.22630097 -.00000300  00000-0  10000-3 0  1548
2 38352   0.0890  72.2875 0002392 258.5383 296.1635  1.00271813  2211
INTELSAT 19 (IS-19)     
1 38356U 12030A   12352.59863895 -.00000064  00000-0  10000-3 0  1365
2 38356   0.0167 343.6836 0001944 302.5787 181.8634  1.00270741  2111
ECHOSTAR 17             
1 38551U 12035A   12352.43683001 -.00000083  00000-0  10000-3 0  1090
2 38551   0.0130  24.7076 0001602 171.6575 300.2375  1.00271577  1691
MSG-3 (METEOSAT-10)     
1 38552U 12035B   12352.88348632 -.00000037  00000-0  10000-3 0  1334
2 38552   1.4844 251.5633 0000372 112.5301  37.1917  1.00274267  1802
SES-5                   
1 38652U 12036A   12352.98702259  .00000026  00000-0  10000-3 0  1276
2 38652   0.0668 269.7517 0001616 342.3833 195.1611  1.00271630  1648
TIANLIAN 1-03           
1 38730U 12040A   12353.09999192  .00000101  00000-0  10000-3 0  1022
2 38730   1.7744 272.7663 0003599   2.1718 224.8448  1.00270058  1561
INTELSAT 20 (IS-20)     
1 38740U 12043A   12352.86339131 -.00000033  00000-0  10000-3 0  1127
2 38740   0.0145  36.1423 0001674 273.4893 156.6058  1.00273424  1406
HYLAS 2                 
1 38741U 12043B   12352.68170287  .00000147  00000-0  10000-3 0   790
2 38741   0.0204 275.8694 0001839 340.4687 106.7656  1.00273962  1423
INTELSAT 21 (IS-21)     
1 38749U 12045A   12349.62859395 -.00000290  00000-0  10000-3 0   952
2 38749   0.0135   0.7497 0001097 262.5028 348.7249  1.00269620  1230
ASTRA 2F                
1 38778U 12051A   12349.00000000  .00000147  00000-0  00000+0 0   544
2 38778   0.0440 269.9520 0003475 313.4450 247.8830  1.00268907   820
GSAT-10                 
1 38779U 12051B   12349.85993481 -.00000169  00000-0  10000-3 0   632
2 38779   0.0088 287.9410 0002496 314.4592 234.0627  1.00269204   831
INTELSAT 23 (IS-23)     
1 38867U 12057A   12352.32731546 -.00000293  00000-0  10000-3 0   474
2 38867   0.0192 359.7909 0002128  47.2660 104.1019  1.00268674   680
BEIDOU G6               
1 38953U 12059A   12352.98004140 -.00000145  00000-0  00000+0 0   355
2 38953   1.7426 276.3999 0002664 319.5895 284.0825  1.00269381   631
LUCH 5B                 
1 38977U 12061A   12353.18112932 -.00000134  00000-0  00000+0 0   433
2 38977   0.2331 142.8862 0003511 230.2686 123.1785  1.00269561   752
YAMAL 300K              
1 38978U 12061B   12351.95441274 -.00000244  00000-0  00000+0 0   275
2 38978   0.1382 128.0119 0020502 215.7830 176.0582  1.00295654   447
STAR ONE C3             
1 38991U 12062A   12352.42107800 -.00000257  00000-0  00000+0 0   564
2 38991   0.0502 130.0993 0001605 138.5645 254.3698  1.00270698   424
EUTELSAT 21B            
1 38992U 12062B   12351.75426837  .00000085  00000-0  10000-3 0   343
2 38992   0.0849  71.6683 0001104 291.7994  15.8935  0.99961908   431
ECHOSTAR 16             
1 39008U 12065A   12352.07673789 -.00000280  00000-0  00000+0 0   311
2 39008   0.0202 267.5922 0001885 232.9829 266.0364  1.00268942   375
