GORIZONT 25             
1 21922U 92017A   12347.85229348 -.00000102  00000-0  10000-3 0  7078
2 21922  13.7015  28.6892 0027128 344.1321  15.7696  0.99857269 75672
GORIZONT 26             
1 22041U 92043A   12351.74482892  .00000024  00000-0  10000-3 0  3414
2 22041  13.6290  30.1007 0031040 135.2572 224.9771  0.99242163 74566
GORIZONT 27             
1 22245U 92082A   12352.51821109 -.00000377  00000-0  10000-3 0  8470
2 22245  13.5472  30.7170 0011620 266.4095  93.4500  1.00171560 77768
GORIZONT 28             
1 22880U 93069A   12351.28355512  .00000065  00000-0  10000-3 0  7263
2 22880  13.1898  33.9766 0034345  35.0215 325.1944  0.99653097 70004
GORIZONT 29             
1 22907U 93072A   12352.17157598 -.00000035  00000-0  10000-3 0   586
2 22907  13.1555  33.8854 0009705 239.3953 120.4951  1.00115078 69839
GORIZONT 30             
1 23108U 94030A   12350.46964428 -.00000293  00000-0  10000-3 0  8644
2 23108  13.0309  34.9916 0002015  99.1392 260.8672  1.00249667 68049
GORIZONT 31             
1 23775U 96005A   12348.68965102  .00000016  00000-0  10000-3 0  3523
2 23775  12.1547  40.4716 0021067  98.1031 262.0902  0.99880810 61771
GORIZONT 32             
1 23880U 96034A   12352.13615329 -.00000300  00000-0  10000-3 0  1558
2 23880  12.0321  41.2568 0007517 248.4362 157.8040  1.00180641 60650
GORIZONT 33             
1 26372U 00029A   12352.33036007  .00000115  00000-0  10000-3 0   167
2 26372   9.4829  50.0776 0002529  16.3698 343.5805  1.00346368 45996
