INTELSAT 602 (IS-602)   
1 20315U 89087A   12351.20066123  .00000025  00000-0  10000-3 0  6117
2 20315   9.7705  50.0818 0004180  49.3056 310.6691  0.99004007 82525
INTELSAT 603 (IS-603)   
1 20523U 90021A   12352.68389280  .00000059  00000-0  10000-3 0  1777
2 20523   9.2385  51.8239 0001424 284.5806   7.9942  1.00273518 76295
SBS-6                   
1 20872U 90091A   12353.05003145 -.00000235  00000-0  10000-3 0  6161
2 20872   4.8015  64.8832 0007581  11.1656 348.6469  0.98993689 69456
INTELSAT 605 (IS-605)   
1 21653U 91055A   12351.95508926 -.00000223  00000-0  10000-3 0  3472
2 21653   7.3846  57.6860 0000716  84.9087 274.9894  0.99328528 78003
INTELSAT 601 (IS-601)   
1 21765U 91075A   12350.65340953 -.00000153  00000-0  10000-3 0  4460
2 21765   7.3559  56.5572 0002033 219.0180 140.8455  0.99586391 77204
INTELSAT 701 (IS-701)   
1 22871U 93066A   12352.60397227 -.00000146  00000-0  10000-3 0   495
2 22871   0.8937  77.3841 0003558 176.3594 207.3034  1.00270676 70033
INTELSAT 702 (IS-702)   
1 23124U 94034A   12353.10795418  .00000148  00000-0  10000-3 0  8582
2 23124   1.2484  76.4690 0002211 195.9719 246.5319  1.00271418 81959
INTELSAT 2 (IS-2)       
1 23175U 94040A   12351.99080806 -.00000221  00000-0  00000+0 0  2142
2 23175   3.5435  71.3402 0003943 292.3056  67.3260  0.99196598 66780
INTELSAT 704 (IS-704)   
1 23461U 95001A   12352.97492879 -.00000214  00000-0  10000-3 0  5593
2 23461   3.1563  68.4539 0002427  75.2364 284.4518  0.99184057 65593
INTELSAT 705 (IS-705)   
1 23528U 95013A   12352.00857973 -.00000240  00000-0  00000+0 0  5172
2 23528   2.7264  69.6721 0018157 348.9907  10.5479  0.98976109 64810
INTELSAT 706 (IS-706)   
1 23571U 95023A   12352.89922063 -.00000285  00000-0  10000-3 0  6659
2 23571   1.1795  76.0842 0004792 166.4036 305.7966  1.00392334 64403
INTELSAT 3R (IS-3R)     
1 23764U 96002A   12352.40976377 -.00000070  00000-0  10000-3 0  3429
2 23764   2.9079  68.6605 0011882 162.5846 197.0713  0.99088935 61954
PAKSAT 1 (ANATOLIA 1)   
1 23779U 96006A   12351.97277368 -.00000171  00000-0  10000-3 0  8780
2 23779   0.9349  78.0237 0006320  57.2612 224.7633  0.99590271 61732
INTELSAT 707 (IS-707)   
1 23816U 96015A   12352.32731546 -.00000293  00000-0  00000+0 0  5287
2 23816   0.1343  72.4646 0003212 203.4196 235.2978  1.00270837 61400
GALAXY 9 (G-9)          
1 23877U 96033A   12350.95303036 -.00000145  00000-0  10000-3 0  6530
2 23877   3.8082  66.7251 0009616  36.3826 323.3731  0.99544528 60618
INTELSAT 709 (IS-709)   
1 23915U 96035A   12352.87167985  .00000119  00000-0  10000-3 0  6854
2 23915   0.5839  79.2327 0002460 179.5036 189.4397  1.00271434 60492
INTELSAT 26 (IS-26)     
1 24732U 97007A   12352.81321541  .00000102  00000-0  10000-3 0  3080
2 24732   4.4964  64.5172 0003183 204.6702 160.6631  1.00272507 57906
INTELSAT 801 (IS-801)   
1 24742U 97009A   12349.37324289 -.00000221  00000-0  10000-3 0  2286
2 24742   3.7155  67.1360 0003927 208.7179 272.4519  1.00269650 57876
GALAXY 25 (G-25)        
1 24812U 97026A   12348.39266416 -.00000164  00000-0  00000+0 0  5375
2 24812   0.0143 321.3779 0003142 287.4843 241.9019  1.00271105 56997
INTELSAT 802 (IS-802)   
1 24846U 97031A   12351.47429615 -.00000189  00000-0  10000-3 0  4981
2 24846   1.7208  72.0600 0027052 176.9730 182.2999  0.98110788 56562
INTELSAT 5 (IS-5)       
1 24916U 97046A   12351.81451811 -.00000246  00000-0  10000-3 0  4339
2 24916   0.1923  79.0707 0003566 175.1085 273.3875  1.00143797 56194
INTELSAT 805 (IS-805)   
1 25371U 98037A   12352.35922392 -.00000293  00000-0  10000-3 0   319
2 25371   0.0047   1.3110 0002515 264.6029 254.3039  1.00270742 53130
INTELSAT 7 (IS-7)       
1 25473U 98052A   12351.90194205 -.00000034  00000-0  10000-3 0  5175
2 25473   0.0527  67.9639 0003830 187.4172 223.9214  1.00272861 52211
INTELSAT 8 (IS-8)       
1 25522U 98065A   12352.59809168 -.00000038  00000-0  10000-3 0  2970
2 25522   0.0204 264.3094 0002671 351.1281 215.4943  1.00272159 51796
GALAXY 26 (G-26)        
1 25626U 99005A   12353.16568755  .00000108  00000-0  10000-3 0  1053
2 25626   0.0186 288.8439 0002582 327.9096 300.0611  1.00271763 50714
INSAT-2E (APR-1)        
1 25666U 99016A   12351.55304857 -.00000312  00000-0  10000-3 0  1903
2 25666   2.0794  72.3812 0006543 131.3102 228.1457  0.99661984 50298
GALAXY 27 (G-27)        
1 25922U 99052A   12351.91664763  .00000128  00000-0  10000-3 0  1514
2 25922   0.0106 333.5777 0002148 308.4760 178.9756  1.00272346 48456
GALAXY 11 (G-11)        
1 26038U 99071A   12352.35922381 -.00000293  00000-0  10000-3 0  5019
2 26038   0.0513 185.1912 0001821 333.5300   1.4080  1.00271689 47677
GALAXY 4R (G-4R)        
1 26298U 00020A   12353.03311576 -.00000282  00000-0  10000-3 0  2731
2 26298   5.6557  61.4694 0003022  82.7097 277.1685  0.99840382 46455
INTELSAT 9 (IS-9)       
1 26451U 00043A   12352.32739932 -.00000287  00000-0  10000-3 0  9246
2 26451   0.1782  80.8793 0001954 184.3401 249.5147  1.00358545 45410
INTELSAT 12 (IS-12)     
1 26590U 00068A   12352.61614376  .00000129  00000-0  10000-3 0  9393
2 26590   0.0107  19.1947 0002804 253.3128  80.9323  1.00272908 44474
INTELSAT 1R (IS-1R)     
1 26608U 00072A   12348.20248361 -.00000283  00000-0  10000-3 0  5708
2 26608   0.0338 146.0929 0000787 241.5846  77.5017  1.00269188 44281
INTELSAT 10 (IS-10)     
1 26766U 01019A   12353.16568755  .00000118  00000-0  10000-3 0  1463
2 26766   0.0513  45.4307 0001731 212.7072 298.4623  1.00178425 42507
INTELSAT 901 (IS-901)   
1 26824U 01024A   12353.06947861 -.00000148  00000-0  10000-3 0  9778
2 26824   0.0156   4.9233 0002638 262.3352 186.8194  1.00270480 42251
INTELSAT 902 (IS-902)   
1 26900U 01039A   12352.00546009  .00000025  00000-0  10000-3 0    56
2 26900   0.0142   2.6401 0002691 267.8016 239.5582  1.00271971 41419
INTELSAT 904 (IS-904)   
1 27380U 02007A   12352.59033490  .00000041  00000-0  10000-3 0   478
2 27380   0.0191 330.4805 0002882 295.1416  93.5027  1.00271631 39665
INTELSAT 903 (IS-903)   
1 27403U 02016A   12352.94926427 -.00000245  00000-0  10000-3 0  7625
2 27403   0.0125  10.4911 0002739 259.4099 124.2983  1.00270619 39334
INTELSAT 905 (IS-905)   
1 27438U 02027A   12353.13389411 -.00000191  00000-0  00000+0 0  5963
2 27438   0.0062 297.3802 0002263 321.0142 212.4432  1.00270453 38653
GALAXY 3C (G-3C)        
1 27445U 02030A   12352.32940302 -.00000158  00000-0  10000-3 0  7057
2 27445   0.0238 174.5181 0000243 355.5597 299.7891  1.00270319 38528
INTELSAT 906 (IS-906)   
1 27513U 02041A   12347.91687338  .00000015  00000-0  10000-3 0  7850
2 27513   0.0080   5.9047 0003353 281.4641 188.8483  1.00271822 37657
INTELSAT 907 (IS-907)   
1 27683U 03007A   12349.37639510 -.00000207  00000-0  10000-3 0  3571
2 27683   0.0088 331.3521 0003288 298.4462 281.6482  1.00270408 36022
GALAXY 12 (G-12)        
1 27715U 03013B   12352.39990811  .00000051  00000-0  10000-3 0  6304
2 27715   0.0142 281.3075 0001877 324.9992 215.0890  1.00272085 35578
GALAXY 23 (G-23)        
1 27854U 03034A   12352.11004620  .00000005  00000-0  10000-3 0  6191
2 27854   0.0148 358.5043 0003078 267.2844  98.9861  1.00272425 34337
GALAXY 13 (HORIZONS-1)  
1 27954U 03044A   12348.47764831  .00000047  00000-0  00000+0 0  4845
2 27954   0.0007 348.6443 0000800 143.3617 355.5063  1.00269957 33777
INTELSAT 10-02          
1 28358U 04022A   12350.32358935 -.00000018  00000-0  10000-3 0  4374
2 28358   0.0091 134.2460 0000142  77.6491 347.9970  1.00270412 31177
GALAXY 28 (G-28)        
1 28702U 05022A   12349.39265238 -.00000189  00000-0  10000-3 0  3802
2 28702   0.0125  24.1024 0002537 131.2450 340.4536  1.00270589 27438
GALAXY 14 (G-14)        
1 28790U 05030A   12352.55615740  .00000028  00000-0  10000-3 0  4292
2 28790   0.0213 359.3115 0002258 248.2664 274.2465  1.00274320 26872
GALAXY 15 (G-15)        
1 28884U 05041A   12352.40105542  .00000071  00000-0  10000-3 0  4205
2 28884   0.0187 302.9257 0000797 265.7223 249.1532  1.00271226 26304
GALAXY 16 (G-16)        
1 29236U 06023A   12352.55092049 -.00000134  00000-0  10000-3 0  3481
2 29236   0.0026 267.9473 0003147 335.1234 302.8221  1.00271123 23837
GALAXY 17 (G-17)        
1 31307U 07016B   12349.05694486 -.00000178  00000-0  00000+0 0   525
2 31307   0.0277  64.7969 0002997 194.7223 113.1164  1.00270827 20611
INTELSAT 11 (IS-11)     
1 32253U 07044B   12349.15789726 -.00000272  00000-0  10000-3 0  7820
2 32253   0.0167 274.0004 0003130  30.4561 152.6020  1.00269356 19068
HORIZONS-2              
1 32388U 07063B   12352.90157160 -.00000192  00000-0  10000-3 0  9045
2 32388   0.0196 354.3765 0002315 288.1631 214.0719  1.00270027 18456
GALAXY 18 (G-18)        
1 32951U 08024A   12349.41682049  .00000021  00000-0  10000-3 0  7284
2 32951   0.0090 240.3018 0002694  25.2907 204.9417  1.00270948 16752
INTELSAT 25 (IS-25)     
1 33153U 08034A   12348.37693132 -.00000225  00000-0  10000-3 0  7703
2 33153   0.0193 356.8359 0001922 251.5763 298.2431  1.00271197 16275
INTELSAT 14 (IS-14)     
1 36097U 09064A   12352.32749841 -.00000281  00000-0  10000-3 0  4749
2 36097   0.0104  10.8943 0001687 244.9939 263.3478  1.00270006 11279
INTELSAT 15 (IS-15)     
1 36106U 09067A   12351.60021983 -.00000193  00000-0  10000-3 0  6703
2 36106   0.0456  35.7197 0002705 228.0838 123.0354  1.00269668 11165
INTELSAT 16 (IS-16)     
1 36397U 10006A   12352.33236537 -.00000293  00000-0  10000-3 0  5760
2 36397   0.0205  30.0518 0002009 222.0638 255.7944  1.00271798 10415
INTELSAT 17 (IS-17)     
1 37238U 10065B   12352.86389472 -.00000009  00000-0  10000-3 0  3735
2 37238   0.0140  27.1818 0002466 242.4223 194.2645  1.00271550  7609
INTELSAT NEW DAWN       
1 37392U 11016A   12353.16623064  .00000149  00000-0  10000-3 0  3571
2 37392   0.0114  42.3274 0001107  46.8431  90.6457  1.00272386  6117
INTELSAT 18 (IS-18)     
1 37834U 11056A   12352.53891650  .00000045  00000-0  10000-3 0  2499
2 37834   0.0129 311.8932 0000449  36.1557 112.5239  1.00269389  4533
INTELSAT 22 (IS-22)     
1 38098U 12011A   12352.99285528 -.00000066  00000-0  10000-3 0  1465
2 38098   0.0233  28.6654 0002238 219.0185 268.8532  1.00271348  2721
INTELSAT 19 (IS-19)     
1 38356U 12030A   12352.59863895 -.00000064  00000-0  10000-3 0  1365
2 38356   0.0167 343.6836 0001944 302.5787 181.8634  1.00270741  2111
INTELSAT 20 (IS-20)     
1 38740U 12043A   12352.86339131 -.00000033  00000-0  10000-3 0  1127
2 38740   0.0145  36.1423 0001674 273.4893 156.6058  1.00273424  1406
INTELSAT 21 (IS-21)     
1 38749U 12045A   12349.62859395 -.00000290  00000-0  10000-3 0   952
2 38749   0.0135   0.7497 0001097 262.5028 348.7249  1.00269620  1230
INTELSAT 23 (IS-23)     
1 38867U 12057A   12352.32731546 -.00000293  00000-0  10000-3 0   474
2 38867   0.0192 359.7909 0002128  47.2660 104.1019  1.00268674   680
