TRANSIT 16              
1 02807U 67048A   12351.87959520  .00000074  00000-0  10000-3 0  8623
2 02807  89.6736 161.9357 0020794 140.8146 219.4519 13.49877075243119
TRANSIT 17              
1 02965U 67092A   12351.18753156  .00000078  00000-0  10000-3 0   848
2 02965  89.2466  25.0016 0047201 326.4439  33.3726 13.52594394229864
TRANSIT 18              
1 03133U 68012A   12352.24278746  .00000074  00000-0  10000-3 0  3203
2 03133  89.9594 282.4455 0072932 223.5817 135.9561 13.50696786205207
NNSS 19                 
1 04507U 70067A   12351.91712796  .00000115  00000-0  15055-3 0   133
2 04507  89.8277 291.7087 0173169 346.4111  13.2407 13.50330226 82237
NNSS O-20               
1 06909U 73081A   12352.52204156  .00000116  00000-0  11185-3 0  4869
2 06909  89.8529 339.5205 0156004 241.7003 116.8344 13.70007387154202
TRANSAT                 
1 10457U 77106A   12352.18717118  .00000072  00000-0  10000-3 0  4768
2 10457  89.7374 211.3474 0024926 182.1026 178.0023 13.48376052728313
NOVA I                  
1 12458U 81044A   12353.17467110  .00000050  00000-0  10000-3 0  7782
2 12458  90.0241 123.0420 0013441 212.4658 147.5653 13.22801749525056
NOVA 3                  
1 15362U 84110A   12351.24481323  .00000051  00000-0  10000-3 0  5367
2 15362  90.0132  50.3838 0033888  83.1349 277.3637 13.22572595360037
OSCAR 30                
1 15935U 85066A   12352.68284274  .00000073  00000-0  11351-3 0  1088
2 15935  90.0914  32.0851 0170052 138.8933 222.5168 13.35392916331451
OSCAR 24                
1 15936U 85066B   12353.11111158  .00000122  00000-0  20289-3 0  7449
2 15936  90.0790  27.8092 0171122 141.3126 220.0409 13.35282694333628
POLAR BEAR              
1 17070U 86088A   12352.24604330  .00000089  00000-0  81871-4 0  8951
2 17070  89.5303  46.3172 0040151  19.7045 340.5659 13.74484074308325
OSCAR 27                
1 18361U 87080A   12352.23374724  .00000069  00000-0  10000-3 0   795
2 18361  90.3631 278.3630 0106476 120.8016 240.3664 13.44204711238447
OSCAR 29                
1 18362U 87080B   12352.86664345  .00000069  00000-0  10000-3 0  3373
2 18362  90.3633 278.5630 0107761 132.1923 228.8435 13.43819619238257
OSCAR 23                
1 19070U 88033A   12352.20661342  .00000058  00000-0  10000-3 0  5405
2 19070  90.3040 219.3837 0190945  46.9089 314.7873 13.27221427193481
OSCAR 32                
1 19071U 88033B   12352.83351766  .00000058  00000-0  10000-3 0  9157
2 19071  90.3049 219.4852 0189553  35.9816 325.3913 13.27415071193751
NOVA 11                 
1 19223U 88052A   12351.24158615  .00000051  00000-0  10000-3 0   850
2 19223  89.9900  91.3812 0031780 123.3549 237.0639 13.22502189182569
OSCAR 25                
1 19419U 88074A   12352.53563384  .00000068  00000-0  10000-3 0  3241
2 19419  89.9540  23.5126 0098580  90.3072 270.9375 13.41941432190400
OSCAR 31                
1 19420U 88074B   12352.51851544  .00000068  00000-0  10000-3 0  9986
2 19420  89.9546  23.4674 0096754  84.8673 276.3511 13.41978704190506
