CALSPHERE 1             
1 00900U 64063C   13054.58132806  .00000500  00000-0  54399-3 0  9295
2 00900  90.1449 348.1115 0027005 154.9065 205.3397 13.71420223404063
CALSPHERE 2             
1 00902U 64063E   13053.32796076  .00000075  00000-0  10000-3 0  7840
2 00902  90.1427 350.5703 0017249 308.3880  51.5720 13.52537884199322
LCS 1                   
1 01361U 65034C   13054.52863952  .00000009  00000-0  10000-3 0  4293
2 01361  32.1360 200.1525 0005762 187.3520 172.6893  9.89283898728781
TEMPSAT 1               
1 01512U 65065E   13054.56115852  .00000029  00000-0  40318-4 0  8425
2 01512  89.7825 273.2032 0069151 217.1284 200.0771 13.33316751312158
CALSPHERE 4(A)          
1 01520U 65065H   13053.53552460  .00000061  00000-0  10000-3 0   174
2 01520  90.1454 105.2984 0071329 132.0810 228.6429 13.35483934313934
OPS 5712 (P/L 160)      
1 02826U 67053A   13054.21542700  .00000970  00000-0  31704-3 0  8367
2 02826  69.9325 305.3446 0002756  87.9470 272.1974 14.41461606361122
OPS 5712 (P/L 153)      
1 02874U 67053H   13054.22633378 -.00000005  00000-0  35453-4 0  3353
2 02874  69.9730  88.7372 0006916   1.0147  64.8534 13.96065155328539
SURCAL 150B             
1 02909U 67053J   13053.88701396  .00001523  00000-0  40238-3 0   379
2 02909  69.9498  80.8696 0007268 237.0680 122.9758 14.50729611367919
RIGIDSPHERE 2 (LCS 4)   
1 05398U 71067E   13054.49259221  .00000379  00000-0  13107-3 0  7221
2 05398  87.6184 239.6580 0067314  70.7892 290.0579 14.32024795177305
