RADUGA 32               
1 23448U 94087A   13053.48143761 -.00000066  00000-0  10000-3 0  5987
2 23448  12.8415  36.7678 0005680 121.6092 238.5123  1.00279678 84186
RADUGA-1 4              
1 25642U 99010A   13052.60469492  .00000127  00000-0  10000-3 0  6811
2 25642  11.8370  50.3926 0001034  97.9929 262.1043  1.00313696 51215
RADUGA-1 5              
1 26477U 00049A   13052.52899123 -.00000026  00000-0  10000-3 0  5527
2 26477   9.4540  50.6147 0003412 351.7632   8.3388  1.00205372 45728
RADUGA-1 7              
1 28194U 04010A   13054.57413904 -.00000012  00000-0  10000-3 0  6776
2 28194   6.9512  63.7662 0002169  19.2103 340.9791  1.00377398 32650
RADUGA-1M 1             
1 32373U 07058A   13053.99796877 -.00000048  00000-0  00000+0 0  4911
2 32373   0.0162 133.8651 0001638 183.3601 265.0725  1.00272946 19970
