LANDSAT 5               
1 14780U 84021A   12353.25337483  .00000238  00000-0  62706-4 0  5909
2 14780  98.1237  54.4382 0003711  73.5057 286.6550 14.57163753531796
SPOT 2                  
1 20436U 90005A   12353.16490718  .00000769  00000-0  13706-3 0   464
2 20436  98.7034 136.8167 0151169 306.4657  52.2691 14.63296163192608
SCD 1                   
1 22490U 93009B   12352.97122222  .00000340  00000-0  45112-4 0   229
2 22490  24.9676 332.4913 0042968 286.6138  72.9661 14.43801299 47958
ERS-2                   
1 23560U 95021A   12352.84348504  .00003943  00000-0  28441-3 0  5258
2 23560  98.5262 121.4715 0004807  61.1791 298.9915 15.04815442926975
RADARSAT-1              
1 23710U 95059A   12353.19963229  .00000192  00000-0  91273-4 0  1941
2 23710  98.5808 357.0266 0001044  95.0536 330.5396 14.29986850893741
TOMS EP                 
1 23940U 96037A   12352.47054992  .00000362  00000-0  97501-4 0  1276
2 23940  97.9118 174.0666 0029340 350.8437   9.2241 14.53057019875130
MIDORI (ADEOS)          
1 24277U 96046A   12352.42010017  .00000061  00000-0  41137-4 0  1062
2 24277  98.5329 292.5627 0001975  88.3577 271.7831 14.28840183851588
ORBVIEW 2 (SEASTAR)     
1 24883U 97037A   12352.85264589  .00000234  00000-0  10201-3 0  9122
2 24883  98.4350 106.3086 0001683 309.2845  50.8182 14.32561000816695
IRS-1D                  
1 24971U 97057A   12353.17488297  .00000086  00000-0  45325-4 0  2610
2 24971  98.2122 336.9382 0054966  73.0597 287.6603 14.33256958796150
TRMM                    
1 25063U 97074A   12352.91194410  .00019170  00000-0  26456-3 0  1924
2 25063  34.9590 153.8071 0001719 284.5418  75.5159 15.56222706859553
SPOT 4                  
1 25260U 98017A   12353.15850694  .00000082  00000-0  58401-4 0   849
2 25260  98.5400  48.5832 0001578 111.9937 248.1411 14.20110609763994
FASAT B                 
1 25395U 98043B   12352.87623111  .00000061  00000-0  44054-4 0  5073
2 25395  98.3410 330.7426 0003739  57.3964 302.7577 14.24608344750629
TECHSAT 1B (GO-32)      
1 25397U 98043D   12352.66881051  .00000072  00000-0  49997-4 0  9517
2 25397  98.3875 322.5755 0002157  99.2763 260.8645 14.23312514750120
SCD 2                   
1 25504U 98060A   12351.93434793  .00000329  00000-0  43249-4 0  3346
2 25504  24.9920 172.2778 0016922 332.2475  27.7135 14.43418977747218
LANDSAT 7               
1 25682U 99020A   12353.23288908  .00000261  00000-0  68043-4 0  7281
2 25682  98.2171  59.3464 0000570  47.5821 312.5434 14.57104422727483
KITSAT 3                
1 25756U 99029A   12352.73275767  .00000182  00000-0  55587-4 0  9974
2 25756  98.5174 232.8855 0013205 231.9354 128.0650 14.52898493718924
DLR-TUBSAT              
1 25757U 99029B   12353.16001807  .00000054  00000-0  25506-4 0  6529
2 25757  98.5625 226.1281 0013418 276.0298  83.9377 14.51010231718311
IRS-P4 (OCEANSAT 1)     
1 25758U 99029C   12353.24490779  .00000306  00000-0  87887-4 0  2312
2 25758  98.2513  81.1096 0001036 288.8190  71.2893 14.51272770718482
QUIKSCAT                
1 25789U 99034A   12352.51783622  .00000043  00000-0  35584-4 0  4815
2 25789  98.6169 179.0015 0001309 104.6561 255.4757 14.26973203702899
IKONOS 2                
1 25919U 99051A   12353.22440057  .00000320  00000-0  69359-4 0  4613
2 25919  98.1094  64.9586 0001388  84.6181 275.5196 14.64440095707405
CBERS 1 (ZY 1A)         
1 25940U 99057A   12352.45983480  .00000026  00000-0  23795-4 0  3558
2 25940  98.2898 309.7036 0004512 208.7186 151.3751 14.34745950690222
TERRA                   
1 25994U 99068A   12353.17890101  .00000393  00000-0  97325-4 0  6703
2 25994  98.2152  64.6553 0001094  97.8694 262.2652 14.57117891691559
ARIRANG 1 (KOMPSAT-1)   
1 26032U 99070A   12353.10922942  .00000551  00000-0  10725-3 0  5941
2 26032  97.7599 190.4651 0005962 120.7758 239.4026 14.66586734695005
EO-1                    
1 26619U 00075A   12353.07783194  .00001558  00000-0  31422-3 0   208
2 26619  98.0562  53.9063 0008983 250.8147 109.2132 14.62818246643314
SAC-C                   
1 26620U 00075B   12352.47136574  .00000401  00000-0  98561-4 0  7848
2 26620  97.9096 331.7730 0000976  63.4985 296.6323 14.57065981641917
EROS A1                 
1 26631U 00079A   12353.19533477  .00005576  00000-0  35220-3 0  8264
2 26631  97.6349  62.1751 0011064 307.3212 137.1701 15.09424536668166
QUICKBIRD 2             
1 26953U 01047A   12353.23498067  .00009996  00000-0  25868-3 0  1638
2 26953  97.1984  54.3051 0000985  83.3321 348.1394 15.39264873627202
TES                     
1 26957U 01049A   12353.22278423  .00002612  00000-0  20426-3 0  1199
2 26957  97.7517  68.0828 0049281 200.0814 159.8499 15.01026926611216
JASON 1                 
1 26997U 01055A   12351.32182240 -.00000038  00000-0  10000-3 0  5923
2 26997  66.0412 293.1795 0006344 273.8310  86.1982 12.83921796515813
METEOR-3M               
1 27001U 01056A   12352.12115229 -.00000035  00000-0  75511-5 0  2343
2 27001  99.1984 164.9509 0013319 309.4102  50.5864 13.68744091550474
BADR-B                  
1 27003U 01056C   12352.57597730 -.00000014  00000-0  30992-4 0  2446
2 27003  99.1530 171.1916 0019811 299.6989  60.2185 13.70144767551158
MAROC-TUBSAT            
1 27004U 01056D   12353.13785168  .00000024  00000-0  74373-4 0   230
2 27004  99.1546 170.8387 0019474 299.7679  60.1531 13.70061449551199
SPOT 5                  
1 27421U 02021A   12353.16191498  .00000165  00000-0  97786-4 0    44
2 27421  98.6348  60.4841 0000762  97.6514 346.4619 14.20066911550829
AQUA                    
1 27424U 02022A   12352.85526982  .00001753  00000-0  39924-3 0  5287
2 27424  98.2171 290.6895 0001500  87.3160 272.8322 14.57097777565117
HAIYANG-1A              
1 27430U 02024A   12352.66584293  .00000081  00000-0  47160-4 0  1083
2 27430  98.3035  27.8901 0007982 258.6280 101.4002 14.30115083552916
ALSAT 1                 
1 27559U 02054A   12352.14622420  .00000525  00000-0  94861-4 0  6714
2 27559  97.7742 193.5906 0022260 227.9827 131.9480 14.70137534537565
MIDORI II (ADEOS-II)    
1 27597U 02056A   12352.57257739  .00000130  00000-0  70862-4 0  8991
2 27597  98.3063  18.4568 0001630  98.1716 261.9649 14.26497597521161
IRS-P6 (RESOURCESAT-1)  
1 28051U 03046A   12353.13408113 -.00000168  00000-0 -56236-4 0  5847
2 28051  98.7767  65.0498 0004280  48.7686 311.3904 14.21594906475971
CBERS 2 (ZY 1B)         
1 28057U 03049A   12353.13744257  .00000055  00000-0  33471-4 0   347
2 28057  98.1571 357.2720 0001918  83.0694 277.0717 14.35027364479961
TANSUO 1 (TS 1)         
1 28220U 04012A   12352.07023891  .00001555  00000-0  16095-3 0  3808
2 28220  97.4780 332.3380 0009935 257.4476 102.5631 14.91388502470789
FORMOSAT-2 (ROCSAT 2)   
1 28254U 04018A   12353.20968007 -.00000014  00000-0  19934-4 0  6308
2 28254  98.9438  53.0841 0001370  95.6377 354.4111 14.00785324438720
AURA                    
1 28376U 04026A   12352.10528183  .00000564  00000-0  13516-3 0  6642
2 28376  98.2171 292.1322 0001256  75.8555 284.2803 14.57119443448053
PARASOL                 
1 28498U 04049G   12352.06796380  .00000406  00000-0  94580-4 0  5176
2 28498  98.4376 316.8922 0001424 100.5132 259.6260 14.60077865425537
IRS-P5 (CARTOSAT-1)     
1 28649U 05017A   12353.17724255  .00000759  00000-0  98867-4 0  5819
2 28649  97.8923  64.5579 0000484  35.7093 324.4200 14.83438557412547
TOPSAT                  
1 28891U 05043B   12353.17474660  .00000304  00000-0  72001-4 0  9642
2 28891  97.8739 207.9633 0015943 294.5384  65.4159 14.60235371380621
SINAH 1                 
1 28893U 05043D   12352.56333179  .00000179  00000-0  45944-4 0  5614
2 28893  97.8824 209.7790 0014656 295.3264  64.6418 14.60459008380611
ALOS (DAICHI)           
1 28931U 06002A   12353.17912136  .00000724  00000-0  15953-3 0  6902
2 28931  98.0563  57.4145 0002245  93.9324 266.2149 14.60190530367628
EROS B                  
1 29079U 06014A   12353.21628075  .00007979  00000-0  39043-3 0  4789
2 29079  97.4422 108.3864 0004639 215.0697 235.9976 15.18451888368804
RSS-1 (YAOGAN 1)        
1 29092U 06015A   12352.54083035  .00000435  00000-0  62771-4 0  2863
2 29092  97.9393 340.5350 0001347  77.9273 282.2090 14.81070618359066
RESURS-DK 1             
1 29228U 06021A   12353.15378718  .00000856  00000-0  76874-4 0  3018
2 29228  69.9370 308.9488 0005995 315.9025 152.5073 14.99715118361685
ARIRANG 2 (KOMPSAT-2)   
1 29268U 06031A   12353.20857506  .00000512  00000-0  11158-3 0   992
2 29268  98.2419 244.0569 0016233 123.9561 236.3193 14.61964794341077
LAPAN-TUBSAT            
1 29709U 07001A   12353.13452630  .00000241  00000-0  37601-4 0  6011
2 29709  97.6442  16.0474 0014654  70.7729 289.5075 14.80807678320858
CARTOSAT-2 (IRS-P7)     
1 29710U 07001B   12353.19043515  .00000426  00000-0  64997-4 0  5749
2 29710  97.8826  49.0301 0001650  87.0408 273.1040 14.78720882320545
HAIYANG-1B              
1 31113U 07010A   12353.16125836  .00000181  00000-0  86921-4 0  3267
2 31113  98.3865  46.6770 0013893 257.0919 102.8723 14.29789755296813
COSMO-SKYMED 1          
1 31598U 07023A   12353.11960984  .00000031  00000-0  10384-4 0  1503
2 31598  97.8677 175.2570 0001221  90.4822 269.6504 14.82168846299213
TERRASAR-X              
1 31698U 07026A   12351.89289319 -.00001230  00000-0 -55399-4 0  6320
2 31698  97.4417 356.0222 0001643  88.0797 313.0044 15.19143499305395
WORLDVIEW-1 (WV-1)      
1 32060U 07041A   12353.15671954  .00004362  00000-0  18137-3 0  8688
2 32060  97.3385  65.7049 0002439 157.0287 287.2213 15.24302090292090
CBERS 2B                
1 32062U 07042A   12353.14755012  .00000197  00000-0  77349-4 0  4766
2 32062  98.3619  61.2430 0033144  87.1147 273.3832 14.38909489275445
YAOGAN 3                
1 32289U 07055A   12353.13657126  .00000627  00000-0  87497-4 0  6571
2 32289  97.8963 340.3783 0001010  65.8543 294.2833 14.81048852275689
COSMO-SKYMED 2          
1 32376U 07059A   12353.15339161  .00000660  00000-0  89417-4 0  5547
2 32376  97.8672 175.2903 0001292  86.2215 273.9137 14.82167173271964
RADARSAT-2              
1 32382U 07061A   12353.17927461  .00000002  00000-0  17686-4 0  5364
2 32382  98.5768 357.5692 0001050  94.0687  38.6888 14.29985562261629
CARTOSAT-2A             
1 32783U 08021A   12353.16959252  .00000441  00000-0  67042-4 0  1463
2 32783  97.8851  49.6343 0014077 224.6327 135.3757 14.78684404250483
IMS-1                   
1 32786U 08021D   12353.18954518  .00000970  00000-0  13370-3 0  6363
2 32786  97.7802  45.3657 0012732 189.0995 171.0033 14.80343075250723
JASON 2 (OSTM)          
1 33105U 08032A   12352.68216599 -.00000050  00000-0  46041-4 0  4848
2 33105  66.0444 293.3017 0007714 269.1525  90.8611 12.80930548210224
RAPIDEYE 2              
1 33312U 08040A   12353.16171459  .00000425  00000-0  63123-4 0  8092
2 33312  97.9151  79.2461 0010544 282.7647  77.2394 14.79967102232516
RAPIDEYE 5              
1 33313U 08040B   12353.18782865  .00000417  00000-0  61969-4 0  7977
2 33313  97.9109  78.3569 0019136 151.0786 209.1501 14.79949023232469
RAPIDEYE 1              
1 33314U 08040C   12353.17505192  .00000419  00000-0  62231-4 0  8485
2 33314  97.9136  79.2780 0023019 295.6801  64.2042 14.79962438232503
RAPIDEYE 3              
1 33315U 08040D   12353.14578861  .00000434  00000-0  64322-4 0  7788
2 33315  97.9090  78.2265 0011587 223.9113 136.1200 14.79962517232465
RAPIDEYE 4              
1 33316U 08040E   12353.13213032  .00000397  00000-0  59335-4 0  7768
2 33316  97.9085  78.0173 0012914 169.0852 191.0655 14.79955963232451
HJ-1A                   
1 33320U 08041A   12353.14596577  .00000775  00000-0  12325-3 0  7377
2 33320  97.8449  56.1461 0025942 272.6744  87.1531 14.74556512230595
HJ-1B                   
1 33321U 08041B   12353.18231764  .00000720  00000-0  11470-3 0  7949
2 33321  97.8477  56.4730 0035945 290.3331  69.4039 14.74545763230583
GEOEYE 1                
1 33331U 08042A   12353.25789183  .00000301  00000-0  65788-4 0  7534
2 33331  98.1121  63.7865 0009999  18.4362 341.7216 14.64427148228829
THEOS                   
1 33396U 08049A   12353.14680118  .00000022  00000-0  30798-4 0  5506
2 33396  98.6751  56.7303 0001008  93.8948 350.1751 14.20062597218432
COSMO-SKYMED 3          
1 33412U 08054A   12353.14069365  .00000341  00000-0  49340-4 0  5828
2 33412  97.8674 175.2774 0001251  84.7138 275.4235 14.82170873224422
YAOGAN 4                
1 33446U 08061A   12353.17473829  .00000329  00000-0  56585-4 0  4958
2 33446  97.7669  49.2234 0016426 223.3871 136.6097 14.74584312217860
YAOGAN 5                
1 33456U 08064A   12353.18737685  .00013728  00000-0  33734-3 0  4942
2 33456  97.2382  62.3196 0009018 147.4444 264.9982 15.40726193223754
GOSAT (IBUKI)           
1 33492U 09002A   12353.13386912  .00000228  00000-0  48693-4 0    08
2 33492  98.0803  99.3426 0001789  93.4147 266.7215 14.67545284208990
YAOGAN 6                
1 34839U 09021A   12353.17674039  .00004546  00000-0  22621-3 0  1021
2 34839  97.3373  75.9164 0001402 117.5949 327.5071 15.18092513202875
RAZAKSAT                
1 35578U 09037A   12353.16457117  .00000746  00000-0  35247-4 0  7937
2 35578   8.9857 354.0043 0016671 252.9247 106.9280 14.65538055184054
DEIMOS-1                
1 35681U 09041A   12353.11303933  .00000518  00000-0  94837-4 0  7609
2 35681  98.0190 249.0891 0001080 105.5761 254.5570 14.69855371181758
OCEANSAT 2              
1 35931U 09051A   12353.30911368  .00006029  00000-0  15388-2 0  2314
2 35931  98.2780  86.0685 0001871 176.9234 183.0676 14.50862911171398
WORLDVIEW-2             
1 35946U 09055A   12353.19441618  .00000122  00000-0  55168-4 0  5512
2 35946  98.4685  70.0754 0000421  29.1956 330.9270 14.37687330167573
SMOS                    
1 36036U 09059A   12352.68036345 -.00000043  00000-0  00000+0 0  9648
2 36036  98.4380 176.7491 0000711  52.7863 307.3395 14.39769191164277
YAOGAN 7                
1 36110U 09069A   12353.16837925  .00000269  00000-0  47830-4 0  3649
2 36110  97.9881 123.6757 0025567 337.0241  22.9808 14.74605436162852
TANDEM-X                
1 36605U 10030A   12352.83020924  .00000845  00000-0  43430-4 0  2498
2 36605  97.4441 356.9460 0001466  93.1691  30.8412 15.19157757138277
CARTOSAT 2B             
1 36795U 10035A   12353.07685364 -.00003843  00000-0 -51670-3 0  7396
2 36795  97.8865  51.3811 0015077 304.0693  55.9197 14.78665894131514
YAOGAN 10               
1 36834U 10038A   12353.18477579  .00000414  00000-0  60098-4 0  6340
2 36834  97.8423 349.1583 0001689  58.2990 301.8392 14.80989560127443
COSMO-SKYMED 4          
1 37216U 10060A   12353.10276238  .00000829  00000-0  11062-3 0  3760
2 37216  97.8673 175.2413 0001226  82.6468 277.4870 14.82168726114500
SAC-D                   
1 37673U 11024A   12352.57125404 -.00000049  00000-0  00000+0 0  4993
2 37673  98.0097 356.6066 0001101  74.6179 285.5169 14.72330983 81803
RASAT                   
1 37791U 11044D   12353.23122406  .00000261  00000-0  59581-4 0  5213
2 37791  98.2175  71.2742 0021374 238.3159 121.5987 14.63544204 71501
MEGHA-TROPIQUES         
1 37838U 11058A   12352.27292685  .00000263  00000-0  00000+0 0  3082
2 37838  19.9780 339.4472 0008926  45.9015 314.2154 14.09694147 61019
SRMSAT                  
1 37841U 11058D   12353.20315244  .00000264  00000-0  00000+0 0  2953
2 37841  19.9716 331.8876 0011539  51.0110 309.1372 14.10188557 61193
YAOGAN 13               
1 37941U 11072A   12353.21231412  .00009329  00000-0  43682-3 0  1895
2 37941  97.3636 281.9729 0002646 129.2806   6.8300 15.19936395 58421
PLEIADES 1A             
1 38012U 11076F   12353.15886391  .00000230  00000-0  59315-4 0  1279
2 38012  98.1775  64.9224 0001244  87.2201 272.9165 14.58544623 53508
ZIYUAN 1-02C (ZY 1-02C) 
1 38038U 11079A   12353.18548920  .00000198  00000-0  84411-4 0  1050
2 38038  98.5217  66.1848 0000728  70.8221 289.3056 14.35357390 51948
ZIYUAN 3 (ZY 3)         
1 38046U 12001A   12353.13649737  .00004643  00000-0  21000-3 0   735
2 38046  97.4577  65.8587 0004047 114.5364 332.6857 15.21404847 52300
RISAT 1                 
1 38248U 12017A   12353.24721074  .00001188  00000-0  79342-4 0  7408
2 38248  97.5930 355.9360 0000390  52.2674  15.7525 15.08911842 35630
ARIRANG 3 (KOMPSAT-3)   
1 38338U 12025B   12353.18130098  .00000340  00000-0  77765-4 0  4289
2 38338  98.1484 289.7451 0012452  78.6904 281.5728 14.61657331 31335
SPOT 6                  
1 38755U 12047A   12353.24376998  .00000421  00000-0  10028-3 0  3708
2 38755  98.1907  57.5986 0000947  88.3147 271.8160 14.58557331 14591
