ALOUETTE 1 (S-27)       
1 00424U 62049A   13053.91246347  .00000054  00000-0  52435-4 0  1128
2 00424  80.4687  24.3434 0023164 173.5670 242.9286 13.68860675515936
IUE                     
1 10637U 78012A   13052.10797431 -.00000159  00000-0  00000+0 0  8699
2 10637  43.9569 357.5388 1480510 179.7876 180.3458  1.00079556 80918
IRAS                    
1 13777U 83004A   13054.55942632  .00000339  00000-0  25864-3 0  1499
2 13777  99.0106 252.9870 0018288  94.7788 326.1402 14.00203482206140
AKEBONO (EXOS-D)        
1 19822U 89016A   13054.29022530  .00033780  23892-6  89280-3 0  4741
2 19822  75.0696 157.5310 2421164 181.9418 210.8853 10.58691259733063
INTERCOSMOS 24          
1 20261U 89080A   13054.28457098  .00000439  00000-0  12238-3 0  9919
2 20261  82.5933 309.3437 1212578 124.7891 247.3449 12.54267527 68378
COBE                    
1 20322U 89089A   13053.70609850  .00000306  00000-0  21956-3 0  9771
2 20322  99.0036  65.1906 0008014 339.9965 149.8632 14.04535582192172
HST                     
1 20580U 90037B   13053.87353235  .00001309  00000-0  81876-4 0  1812
2 20580  28.4713 302.0476 0003602 210.3397 149.6983 15.03304810 52473
CRRES                   
1 20712U 90065A   13053.81213084  .00000438  00000-0  19664-3 0  5890
2 20712  17.6798 229.1652 7126906  30.1483  14.4748  2.43899184189834
SARA                    
1 21578U 91050E   13053.95983749  .00000362  00000-0  10151-3 0  6724
2 21578  98.4079  30.5985 0003184  30.2916  36.9774 14.51670456139704
ORBVIEW 1 (MICROLAB)    
1 23547U 95017C   13054.84412660  .00000347  00000-0  91831-4 0  1078
2 23547  69.9793 264.9063 0009109 146.1917 213.9803 14.56865982948768
RXTE (XTE)              
1 23757U 95074A   13053.47841998  .00004423  00000-0  10492-3 0  8420
2 23757  22.9884 111.9314 0006254  29.6838 330.3982 15.36861294952315
POLAR                   
1 23802U 96013A   13054.72629420 -.00000060  00000-0  10000-3 0  3927
2 23802  81.2224 305.6024 6751747  27.7741 355.9936  1.29845380 81730
FAST                    
1 24285U 96049A   13054.83141998  .00002738  00000-0  23135-3 0  6988
2 24285  82.9620  97.3543 1955897 110.3029 271.8258 11.35522733670694
TRACE                   
1 25280U 98020A   13054.58343693  .00002227  00000-0  16982-3 0  4188
2 25280  97.5899 258.0725 0030347  19.8677 340.3718 15.02694032813044
SAFIR 2                 
1 25399U 98043F   13054.85890536 -.00000072  00000-0 -13341-4 0  4430
2 25399  98.3605  33.8425 0001644 163.8826 196.2406 14.24156772760151
SWAS                    
1 25560U 98071A   13053.97937050  .00000419  00000-0  53688-4 0  1399
2 25560  69.8994 250.3436 0007724  11.6952 348.4379 14.88947976770647
ASTRID 2                
1 25568U 98072B   13053.61224758  .00000061  00000-0  50530-4 0  2301
2 25568  82.9459  67.9181 0023422 277.0825 232.5481 13.72186952711290
ORSTED                  
1 25635U 99008B   13054.77391017  .00000232  00000-0  64812-4 0  7490
2 25635  96.4767 308.8264 0140632 224.2676 134.7219 14.46587931738494
SUNSAT (SO-35)          
1 25636U 99008C   13054.79148505  .00000100  00000-0  34212-4 0  4363
2 25636  96.4744 298.1328 0145530 274.4107 152.9000 14.43877006737525
ABRIXAS                 
1 25721U 99022A   13054.84581010  .00003988  00000-0  15270-3 0  6262
2 25721  48.4619 310.7282 0018432 252.1098 154.4022 15.28563709765854
TERRIERS                
1 25735U 99026A   13054.55242534  .00002091  00000-0  76843-4 0  8141
2 25735  97.0821 247.1550 0005255 327.9031  65.5394 15.28951001764299
FUSE 1                  
1 25791U 99035A   13054.87385737  .00000304  00000-0  36937-4 0  4625
2 25791  24.9858 344.5373 0010616  36.3402   8.6784 14.42121187721119
CXO                     
1 25867U 99040B   13054.19609926  .00000267  00000-0  00000+0 0  8594
2 25867  74.6592 346.7621 8647299 277.9154   0.8683  0.37797877 10104
CLEMENTINE              
1 25978U 99064B   13054.85329973  .00001000  00000-0  11359-3 0  8619
2 25978  98.1405 178.7772 0010585  60.8737  85.1965 14.88603346716112
XMM-NEWTON              
1 25989U 99066A   13053.17886512  .00000022  00000-0  00000+0 0  3529
2 25989  63.9438  72.1212 7132291  95.2711   0.2117  0.50138017 12989
TERRA                   
1 25994U 99068A   13054.74984685  .00000147  00000-0  42675-4 0  8725
2 25994  98.2048 131.2744 0001056  94.2753 265.8555 14.57101677701391
ACRIMSAT                
1 26033U 99070B   13054.13749742  .00000093  00000-0  27973-4 0  7878
2 26033  97.8124 254.3479 0027459 276.9381  82.8704 14.61046402702189
IMAGE                   
1 26113U 00017A   13052.97092259  .00000323  00000-0  17097-1 0  3420
2 26113  93.0220 229.4964 7546672 126.8854   4.5729  1.68641521 79511
CLUSTER II-FM6 (SALSA)  
1 26410U 00041A   13054.30286616  .00001354  00000-0  00000+0 0  9322
2 26410 137.8336 302.7784 7819425 116.6208 359.5262  0.44212739 10530
CLUSTER II-FM7 (SAMBA)  
1 26411U 00041B   13054.30321738  .00001352  00000-0  00000+0 0  9045
2 26411 137.8337 302.8207 7822396 116.6685 359.5265  0.44213662 10611
CLUSTER II-FM5 (RUMBA)  
1 26463U 00045A   13054.30336984  .00001476  00000-0  00000+0 0  9222
2 26463 140.7345 299.7909 7780070 115.0722 359.4818  0.44216145 11118
CLUSTER II-FM8 (TANGO)  
1 26464U 00045B   13040.98717165  .00001493  00000-0  00000+0 0  8583
2 26464 129.9692 287.5716 7764183 106.5126 359.7324  0.42481918 10411
MEGSAT-1                
1 26546U 00057B   13054.85044964  .00000800  00000-0  10629-3 0  8378
2 26546  64.5523 209.9420 0048272 260.6934  98.8730 14.86256162672280
HETE-2                  
1 26561U 00061A   13053.25392197  .00002416  00000-0  12508-3 0  8370
2 26561   1.9541 331.3434 0021659 130.9109 229.2811 14.99435446677182
MUNIN                   
1 26621U 00075C   13054.37550072 -.00000615  00000-0 -54854-3 0  5945
2 26621  95.4106 147.1272 0715774 170.1692 271.0040 13.03876927583258
ODIN                    
1 26702U 01007A   13054.84746051  .00002051  00000-0  17419-3 0  8816
2 26702  97.6394  70.9968 0001937 257.1824 102.9158 14.98968837655044
TIMED                   
1 26998U 01055B   13053.94757720  .00000447  00000-0  56165-4 0  4232
2 26998  74.0737 204.7169 0002478 294.2024  65.8896 14.85355505607351
RHESSI                  
1 27370U 02004A   13054.51664083  .00003177  00000-0  20752-3 0   573
2 27370  38.0382 154.6952 0014048  12.5889 347.5226 15.08317338606670
INTEGRAL                
1 27540U 02048A   13053.58333333  .00000184  00000-0  00000+0 0  2563
2 27540  62.4155 268.5143 8760538 252.9208 178.5208  0.33414853  8805
FEDSAT                  
1 27598U 02056B   13054.54827507  .00000003  00000-0  17714-4 0  9004
2 27598  98.2557  60.8328 0008824 207.0123 299.2171 14.28216558531544
WEOS                    
1 27599U 02056C   13054.09961573  .00000034  00000-0  29614-4 0  9014
2 27599  98.2479  69.0482 0009401 218.9786 172.6081 14.28837244531688
MICRO LABSAT            
1 27600U 02056D   13054.51109512  .00000027  00000-0  26633-4 0  8672
2 27600  98.2427  68.6370 0010359 219.3227 302.7778 14.29098456531857
CORIOLIS                
1 27640U 03001A   13054.88574579 -.00000122  00000-0 -37767-4 0  1161
2 27640  98.7557  64.3689 0014562 145.0438 215.1690 14.18571546524716
CHIPSAT                 
1 27643U 03002B   13054.64722256  .00001743  00000-0  14012-3 0  3130
2 27643  94.0179 283.8113 0009422 328.7200  31.3470 15.00337130552710
SORCE                   
1 27651U 03004A   13054.46241617  .00000876  00000-0  11766-3 0   347
2 27651  39.9968  73.8083 0025338   3.2881 356.8078 14.84282665546333
GALEX                   
1 27783U 03017A   13053.90013310  .00000398  00000-0  59034-4 0  7204
2 27783  28.9995 339.5726 0003351   4.5864 355.4754 14.60587952524770
MOST                    
1 27843U 03031D   13054.15217196 -.00000013  00000-0  14167-4 0  5899
2 27843  98.7187  63.6690 0009256 226.8255 197.3300 14.20280877500364
QUAKESAT                
1 27845U 03031F   13054.04293728  .00000144  00000-0  86550-4 0  6333
2 27845  98.7128  64.7582 0008139 233.9155 159.7330 14.20925269500388
AAU CUBESAT             
1 27846U 03031G   13053.96749837  .00000130  00000-0  79597-4 0  5013
2 27846  98.6930  64.9200 0008766 190.0390 170.0615 14.21399054500636
SCISAT 1                
1 27858U 03036A   13054.51106676  .00000262  00000-0  43533-4 0  8730
2 27858  73.9330  52.2298 0008221 166.6298 193.5082 14.75591572513379
STSAT-1                 
1 27945U 03042G   13053.59279834  .00000163  00000-0  39863-4 0  8032
2 27945  97.7967 247.7889 0011907 196.3246 163.7581 14.63644475502482
GP-B                    
1 28230U 04014A   13054.77761920  .00000314  00000-0  42498-4 0  6699
2 28230  89.9099 146.0200 0003280  67.2405 292.9159 14.76848886476588
DEMETER                 
1 28368U 04025C   13054.74924573  .00000322  00000-0  58963-4 0  7532
2 28368  97.8285 103.6978 0000586  51.9314 308.1918 14.71852759463804
DOUBLESTAR TC-2         
1 28382U 04029A   13053.27479783  .00000021  00000-0  47313-3 0  1993
2 28382  88.4675 321.4177 7274735  43.1556 354.8881  2.15608891 66398
SWIFT                   
1 28485U 04047A   13054.71830511  .00001942  00000-0  13278-3 0  3805
2 28485  20.5581 287.9490 0013535 247.5624 112.3420 14.95868917451401
SUZAKU (ASTRO-EII)      
1 28773U 05025A   13054.29170339  .00001687  00000-0  11105-3 0  9618
2 28773  31.3852 358.0390 0006254 132.8039 356.5211 15.04917599418929
AKARI (ASTRO-F)         
1 28939U 06005A   13054.28664599  .00003811  00000-0  20736-3 0  1204
2 28939  98.2480 101.4035 0171577 156.3274 204.5988 15.03363791374350
FORMOSAT-3 FM6          
1 29047U 06011A   13054.09031473  .00000429  00000-0  18822-3 0   349
2 29047  71.9802 159.0039 0051568 344.8267  15.1352 14.27609111359902
FORMOSAT-3 FM1          
1 29048U 06011B   13053.54210691  .00000393  00000-0  17471-3 0  1148
2 29048  71.9691  74.0110 0046425 298.3300  61.3145 14.27610995362305
FORMOSAT-3 FM5          
1 29049U 06011C   13053.75828904  .00000365  00000-0  16364-3 0   535
2 29049  72.0188 230.1527 0035213 348.6551  11.3763 14.27624853358119
FORMOSAT-3 FM3          
1 29050U 06011D   13054.16878013  .00001139  00000-0  26646-3 0  3817
2 29050  72.0169 282.8568 0052460 134.1697 226.3734 14.55690947367115
FORMOSAT-3 FM4          
1 29051U 06011E   13054.70280306  .00000377  00000-0  16522-3 0  1082
2 29051  72.0079 134.9699 0070698 221.6930 137.8799 14.27632194360831
FORMOSAT-3 FM2          
1 29052U 06011F   13053.88561951  .00000364  00000-0  16273-3 0  1291
2 29052  72.0336 202.9315 0041594 315.0082  44.7672 14.27683234359024
CLOUDSAT                
1 29107U 06016A   13054.49719632  .00000306  00000-0  77941-4 0  1900
2 29107  98.2249   0.1444 0000999  74.3413 285.7881 14.57104756363121
CALIPSO                 
1 29108U 06016B   13054.08406179  .00000505  00000-0  12223-3 0  2199
2 29108  98.2241 359.2740 0001203  91.2511 268.8844 14.57106315362995
HINODE (SOLAR-B)        
1 29479U 06041A   13054.44155166  .00000319  00000-0  71161-4 0   238
2 29479  98.1116  55.4619 0018553 127.4671 232.8252 14.63121530342974
SJ-6C                   
1 29505U 06046A   13054.76963358 -.00000249  00000-0 -19224-4 0   751
2 29505  97.7379  51.3796 0001799 297.5936  62.5058 14.91872766344898
SJ-6D                   
1 29506U 06046B   13054.73011407  .00000464  00000-0  52406-4 0   484
2 29506  97.7484  49.9837 0002207  19.7934 340.3373 14.91063521344722
COROT                   
1 29678U 06063A   13054.85433716  .00000158  00000-0  10360-3 0   388
2 29678  90.0193  10.6530 0003347 223.4976 194.0764 13.98321952314429
AGILE                   
1 31135U 07013A   13051.12324105  .00003592  00000-0  13570-3 0  7695
2 31135   2.4683  36.5211 0018720 161.8668 198.2629 15.15030492322666
AIM                     
1 31304U 07015A   13054.41383439  .00002749  00000-0  24123-3 0  9696
2 31304  97.8456 169.6380 0011742  66.1051 294.1387 14.97420266317926
FGRST (GLAST)           
1 33053U 08029A   13054.89102394  .00001051  00000-0  50146-4 0  2723
2 33053  25.5824 250.8381 0013823 116.0645  14.6902 15.06818652259212
KORONAS-FOTON           
1 33504U 09003A   13054.80270221  .00001132  00000-0  70876-4 0  4581
2 33504  82.4768 349.8172 0019857 135.3534 281.6805 15.08238160223562
TATIANA 2               
1 35868U 09049D   13054.77476399  .00000309  00000-0  15824-3 0  2490
2 35868  98.6163 110.4694 0004937  38.3733 321.7759 14.22336794178393
UGATUSAT                
1 35869U 09049E   13054.70254428  .00000315  00000-0  16147-3 0  2082
2 35869  98.6115 109.7807 0005223  51.1546 309.0095 14.22114154178365
SUMBANDILA (SO-67)      
1 35870U 09049F   13054.83986291  .00003516  00000-0  13955-3 0  8208
2 35870  97.2049  87.6604 0002826  40.8448  73.8455 15.25977750190968
WISE                    
1 36119U 09071A   13054.53993444  .00002232  00000-0  11721-3 0  9254
2 36119  97.5195  62.7723 0004517  75.4720 284.7002 15.16741687176572
SDO                     
1 36395U 10005A   13054.49047144 -.00000078  00000-0  10000-3 0  6816
2 36395  27.8334 169.3612 0000909 242.4474 176.2279  1.00269080 11314
CRYOSAT 2               
1 36508U 10013A   13054.76847748  .00000003  00000-0  00000+0 0  8824
2 36508  92.0190 181.3889 0007549 308.6183  51.4357 14.52178173152694
PICARD                  
1 36598U 10028A   13054.72286952  .00000182  00000-0  58469-4 0  9498
2 36598  98.2923 241.3725 0003049 116.1462 244.0047 14.49731541142565
GCOM-W1 (SHIZUKU)       
1 38337U 12025A   13054.56041657  .00000314  00000-0  79840-4 0  3445
2 38337  98.2231 356.4425 0001327 108.4583 251.6739 14.57114026 41067
NUSTAR                  
1 38358U 12031A   13054.14956659  .00001821  00000-0  13921-3 0  1490
2 38358   6.0246 183.4907 0013974   2.5448 357.4694 14.82475035 37823
