HETE-2                  
1 26561U 00061A   13126.33961609  .00003994  00000-0  24717-3 0  8614
2 26561   1.9480 147.9694 0021485 136.8959 223.3540 14.99774398688175
TOPEX/POSEIDON          
1 22076U 92052A   13127.14220353 -.00000034  00000-0  11788-3 0   176
2 22076  66.0421   1.1513 0008134 272.9381 265.2182 12.80974691970118
TRMM                    
1 25063U 97074A   13127.93407166  .00020683  00000-0  28911-3 0  3169
2 25063  34.9631 300.9551 0004870 329.8422  29.6300 15.55856859881538
WISE                    
1 36119U 09071A   13127.84377198  .00003182  00000-0  16371-3 0  9814
2 36119  97.5184 135.5030 0003807 149.3837 304.8433 15.17160948187683
LANDSAT 7               
1 25682U 99020A   13128.34861017  .00000315  00000-0  79983-4 0  1157
2 25682  98.1943 198.3859 0000536  89.7826 270.3428 14.57119400748036
HINODE (SOLAR-B)        
1 29479U 06041A   13128.53140595  .00000590  00000-0  12364-3 0   847
2 29479  98.1162 128.3678 0016406 254.4941 251.8229 14.63205640353800
IUE                     
1 10637U 78012A   13126.04966870 -.00000364  00000-0  00000+0 0  8855
2 10637  43.9687 356.5477 1479227 181.2747 178.2439  1.00064192 81652
TERRA                   
1 25994U 99068A   13128.50104216  .00000436  00000-0  10686-3 0   948
2 25994  98.2084 204.0064 0001341  96.7502 263.3854 14.57133903712137
SWIFT                   
1 28485U 04047A   13128.15420596  .00002589  00000-0  18733-3 0  4342
2 28485  20.5563 140.6589 0013561  83.8650 335.7553 14.96212210462415
TRACE                   
1 25280U 98020A   13128.49427882  .00002897  00000-0  21712-3 0  4756
2 25280  97.5845 330.4509 0031442 127.5810 264.4901 15.03081634824145
TERRIERS                
1 25735U 99026A   13128.11789226  .00004606  00000-0  16339-3 0  8720
2 25735  97.0816 317.2123 0007651  62.9847  56.7775 15.29509670775537
SORCE                   
1 27651U 03004A   13127.80816025  .00001535  00000-0  19358-3 0   963
2 27651  39.9962  27.8171 0025354 160.4931 254.8916 14.84495821557233
SEASAT 1                
1 10967U 78064A   13127.85983946  .00000241  00000-0  11313-3 0    17
2 10967 107.9930  45.9786 0002306 306.7631  82.3488 14.42693394830010
FAST                    
1 24285U 96049A   13128.44891856  .00008208  00000-0  71310-3 0  7574
2 24285  82.9705  59.7133 1949054 328.0936  21.5228 11.36765400679044
CALIPSO                 
1 29108U 06016B   13128.52162565 -.00006392  00000-0 -14103-2 0  2895
2 29108  98.2026  72.7536 0000692  81.0449 278.9366 14.57107105373838
SWAS                    
1 25560U 98071A   13127.80613471  .00001614  00000-0  17968-3 0  2031
2 25560  69.9030  66.0089 0011733 278.7019  81.2805 14.89135643781638
ACRIMSAT                
1 26033U 99070B   13127.76985831  .00000205  00000-0  50362-4 0  8491
2 26033  97.8109 323.8790 0029215  46.7091  14.3079 14.61082268712932
AQUA                    
1 27424U 02022A   13128.48067637  .00000683  00000-0  16150-3 0  6597
2 27424  98.1979  70.4796 0001552  74.3370  74.5237 14.57153462585738
AURA                    
1 28376U 04026A   13128.52650294  .00000874  00000-0  20387-3 0  7974
2 28376  98.2018  72.7269 0001006  97.1715 262.9572 14.57134648468796
GALEX                   
1 27783U 03017A   13127.73051786  .00000673  00000-0  11449-3 0  7771
2 27783  28.9981 249.6169 0004162  14.8947 129.8820 14.60667215535572
NUSTAR                  
1 38358U 12031A   13125.85943320  .00003504  00000-0  34108-3 0  1892
2 38358   6.0305  27.2523 0014504 307.3387  52.5852 14.82708296 48487
COBE                    
1 20322U 89089A   13128.06476902  .00000206  00000-0  15678-3 0   340
2 20322  99.0001 138.9271 0009599 126.3789 300.5613 14.04546807202617
CRRES                   
1 20712U 90065A   13127.59811770  .00000624  00000-0  36732-3 0  6199
2 20712  17.5063 197.0817 7130686  88.6899   8.2583  2.43956508191636
INTEGRAL                
1 27540U 02048A   13129.83333333  .00000471  00000-0  00000+0 0  2834
2 27540  61.1867 263.2500 8701511 253.7236 354.8477  0.33413713  9055
AIM                     
1 31304U 07015A   13128.53093470  .00004362  00000-0  37440-3 0   335
2 31304  97.8549 244.1429 0010689 174.6320 307.3571 14.97965615329012
RHESSI                  
1 27370U 02004A   13128.13309241  .00004771  00000-0  30237-3 0  1116
2 27370  38.0374  79.4944 0015299 237.0873 196.8741 15.08958924617796
XMM-NEWTON              
1 25989U 99066A   13128.96568808  .00000246  00000-0  00000+0 0  4017
2 25989  64.1730  70.0110 7224960  94.7957   0.1579  0.50131058 13364
ERBS                    
1 15354U 84108B   13127.80953949  .00005333  00000-0  23729-3 0  2151
2 15354  57.0165  30.5981 0020726 152.6146 207.5997 15.22877595567774
IMAGE                   
1 26113U 00017A   13127.68265245 -.00000165  00000-0 -37920-1 0  3825
2 26113  92.9426 230.6120 7487962 118.0477   3.4164  1.68645996 80776
QUIKSCAT                
1 25789U 99034A   13127.60324574  .00000058  00000-0  41709-4 0  5928
2 25789  98.6201 318.0507 0001915  98.3988 305.5747 14.26996418723018
POLAR                   
1 23802U 96013A   13125.58047620  .00000089  00000-0  10000-3 0  4275
2 23802  80.9560 304.4598 6816791  25.1195 356.4466  1.29844593 82659
TIMED                   
1 26998U 01055B   13127.35906279  .00000897  00000-0  10814-3 0  4862
2 26998  74.0753  59.2227 0001161 204.5529 155.5595 14.85470317618252
CLEMENTINE              
1 25978U 99064B   13127.84773944  .00002978  00000-0  32319-3 0  9266
2 25978  98.1516 253.8298 0010283 169.3670 351.5521 14.88926500726972
CLOUDSAT                
1 29107U 06016A   13128.52290147  .00000474  00000-0  11515-3 0  2609
2 29107  98.2005  73.1976 0001519  87.1142 273.0201 14.57150239373901
