ISS (ZARYA)             
1 25544U 98067A   12290.31783432  .00018621  00000-0  32204-3 0  4734
2 25544  51.6476 239.5903 0017594 171.8936 324.1113 15.50835676796837
TIANGONG 1              
1 37820U 11053A   12289.72589994  .00051842  00000-0  41686-3 0  2222
2 37820  42.7848  39.8208 0020552 206.7016 312.5967 15.69857505 60180
SOYUZ-TMA 05M           
1 38671U 12037A   12288.50788519  .00016159  00000-0  28137-3 0   685
2 38671  51.6470 248.5686 0017499 165.2670 299.3076 15.50759519 14206
PROGRESS-M 16M          
1 38738U 12042A   12288.50788519  .00016159  00000-0  28137-3 0   506
2 38738  51.6470 248.5686 0017499 165.2670 299.3076 15.50759519 11443
SFERA                   
1 38751U 98067CM  12290.25375561  .00241584  00000-0  20129-2 0   858
2 38751  51.6385 235.6703 0012232 128.6137 231.5946 15.68712716  8808
DRAGON CRS-1            
1 38846U 12054A   12288.50788519  .00016159  00000-0  28137-3 0   228
2 38846  51.6470 248.5686 0017499 165.2670 299.3076 15.50759519  1015
RAIKO                   
1 38852U 98067CN  12290.22262711  .00039780  00000-0  65112-3 0   113
2 38852  51.6458 239.9837 0018868 162.2902 197.8755 15.51904023  1734
FITSAT-1 (NIWAKA)       
1 38853U 98067CP  12289.90022834  .00041472  00000-0  67781-3 0   112
2 38853  51.6504 241.5931 0015614 173.9764 186.2389 15.51990253  1737
TECHEDSAT               
1 38854U 98067CQ  12289.89909716  .00056172  00000-0  90454-3 0   110
2 38854  51.6454 241.5776 0014974 171.4013 188.7346 15.52280096  1735
F-1                     
1 38855U 98067CR  12290.09248266  .00055277  00000-0  89055-3 0   133
2 38855  51.6468 240.6233 0015983 173.7341 186.3869 15.52256343  1652
WE-WISH                 
1 38856U 98067CS  12289.89792978  .00077528  00000-0  12236-2 0   144
2 38856  51.6437 241.5643 0017442 162.3080 197.8676 15.52653147  1623
