ISS (ZARYA)             
1 25544U 98067A   12353.36957324  .00021167  00000-0  35119-3 0  8553
2 25544  51.6492 286.5749 0017245  58.5053  35.2177 15.51916473806624
TIANGONG 1              
1 37820U 11053A   12353.20588755  .00036952  00000-0  29521-3 0  4109
2 37820  42.7817  17.2268 0001120 257.8674 184.7504 15.70420143 70159
PROGRESS-M 16M          
1 38738U 12042A   12333.60875234  .00013656  00000-0  23040-3 0   797
2 38738  51.6499  24.7441 0015766 340.1845 155.9317 15.51837211 18449
SFERA                   
1 38751U 98067CM  12329.30135855  .49187503  12704-4  71869-3 0  1778
2 38751  51.6137  32.0752 0005023 349.5923  11.6146 16.48507380 14997
RAIKO                   
1 38852U 98067CN  12353.22978995  .00041648  00000-0  57398-3 0   800
2 38852  51.6492 285.8281 0018209  52.8488 307.4173 15.56608610 11537
FITSAT-1 (NIWAKA)       
1 38853U 98067CP  12352.82039050  .00050001  00000-0  66364-3 0   778
2 38853  51.6509 287.5968 0015258  65.7203 294.5426 15.57595270 11521
TECHEDSAT               
1 38854U 98067CQ  12352.83325202  .00070280  00000-0  85142-3 0   863
2 38854  51.6467 286.9335 0015771  70.3997 289.8724 15.59855682 11535
F-1                     
1 38855U 98067CR  12352.83948063  .00069377  00000-0  84959-3 0   893
2 38855  51.6488 286.9710 0014347  75.8129 284.4470 15.59604464 11428
WE-WISH                 
1 38856U 98067CS  12353.18739315  .00122889  00000-0  12273-2 0  1024
2 38856  51.6445 284.0401 0018382  66.1433 294.1546 15.64513404 11490
SOYUZ-TMA 06M           
1 38871U 12058A   12333.60875234  .00013656  00000-0  23040-3 0   321
2 38871  51.6499  24.7441 0015766 340.1845 155.9317 15.51837211  5599
PROGRESS-M 17M          
1 38975U 12060A   12333.60875234  .00013656  00000-0  23040-3 0   228
2 38975  51.6499  24.7441 0015766 340.1845 155.9317 15.51837211  4391
