LANDSAT 4               
1 13367U 82072A   13053.64326998  .00001702  00000-0  11696-3 0  2841
2 13367  98.2705  76.5975 0017553 130.7567  17.1279 15.07392432646911
TDRS 1                  
1 13969U 83026B   13052.79012764 -.00000090  00000-0  10000-3 0  5332
2 13969  13.8958   0.0942 0020216 127.3172 232.9037  0.98743296 82344
LANDSAT 5               
1 14780U 84021A   13054.71861741  .00000135  00000-0  34499-4 0  7757
2 14780  98.1117 120.6069 0001291 325.1801  34.9309 14.64270110541640
ERBS                    
1 15354U 84108B   13053.28678243  .00003881  00000-0  17996-3 0  1628
2 15354  57.0131 341.2323 0021565  41.0443 319.2220 15.22172102556424
TDRS 3                  
1 19548U 88091B   13054.34177642 -.00000294  00000-0  10000-3 0   216
2 19548  14.0210  25.4341 0013180 333.6012 228.8044  1.00272267 76656
TDRS 4                  
1 19883U 89021B   13053.84929944 -.00000104  00000-0  00000+0 0  3663
2 19883  11.3273  31.9623 0013711 225.7680 134.1958  0.98483114260147
HST                     
1 20580U 90037B   13053.87353235  .00001309  00000-0  81876-4 0  1812
2 20580  28.4713 302.0476 0003602 210.3397 149.6983 15.03304810 52473
TDRS 5                  
1 21639U 91054B   13053.74274845  .00000094  00000-0  10000-3 0  2252
2 21639  12.5661  39.4165 0018557 341.0028 232.0486  1.00274584 78962
TOPEX/POSEIDON          
1 22076U 92052A   13054.83719171 -.00000013  00000-0  20868-3 0  9841
2 22076  66.0410 151.3489 0008150 273.9827 221.8853 12.80972663960850
TDRS 6                  
1 22314U 93003B   13052.35195127 -.00000289  00000-0  10000-3 0  2572
2 22314  11.9821  42.2531 0012231 318.8029 231.2226  1.00274817 73674
TDRS 7                  
1 23613U 95035B   13053.73190078 -.00000196  00000-0  10000-3 0  3999
2 23613  13.5162  32.8575 0032913 348.0964 120.2115  1.00272106 64491
RXTE (XTE)              
1 23757U 95074A   13053.47841998  .00004423  00000-0  10492-3 0  8420
2 23757  22.9884 111.9314 0006254  29.6838 330.3982 15.36861294952315
TRMM                    
1 25063U 97074A   13054.08713241  .00014991  00000-0  20732-3 0  2503
2 25063  34.9606  69.4600 0000515 260.3993  99.6683 15.56202311870028
KIKU-7 (ETS-VII)        
1 25064U 97074B   13054.56549783  .00005728  00000-0  16133-3 0  8363
2 25064  34.9694 123.4904 0006135 276.3506  83.6514 15.35744488847297
ISS (ZARYA)             
1 25544U 98067A   13054.92409722  .00008552  00000-0  14476-3 0  2828
2 25544  51.6494 310.8753 0011108 303.5985 232.0794 15.52389244817110
LANDSAT 7               
1 25682U 99020A   13054.73507104  .00000094  00000-0  30982-4 0  9093
2 25682  98.2053 125.9007 0001548  88.5189 271.6165 14.57118314737317
FUSE 1                  
1 25791U 99035A   13054.87385737  .00000304  00000-0  36937-4 0  4625
2 25791  24.9858 344.5373 0010616  36.3402   8.6784 14.42121187721119
TERRA                   
1 25994U 99068A   13054.74984685  .00000147  00000-0  42675-4 0  8725
2 25994  98.2048 131.2744 0001056  94.2753 265.8555 14.57101677701391
TDRS 8                  
1 26388U 00034A   13054.05212568 -.00000231  00000-0  10000-3 0  8334
2 26388   4.4988  73.2168 0003177 210.4642 337.3458  1.00275147 46433
EO-1                    
1 26619U 00075A   13054.72630429 -.00000953  00000-0 -17744-3 0  2237
2 26619  98.0451 119.9188 0010725  46.1110 314.0935 14.62864706653203
TIMED                   
1 26998U 01055B   13053.94757720  .00000447  00000-0  56165-4 0  4232
2 26998  74.0737 204.7169 0002478 294.2024  65.8896 14.85355505607351
TDRS 9                  
1 27389U 02011A   13053.66422512 -.00000270  00000-0  10000-3 0   864
2 27389   2.0598 118.1012 0015065 259.9630 332.8052  1.00267165 41680
AQUA                    
1 27424U 02022A   13054.49477047 -.00001227  00000-0 -26251-3 0  5977
2 27424  98.2239 357.4500 0001020  75.4084 284.7082 14.57089812574966
TDRS 10                 
1 27566U 02055A   13053.74111832  .00000076  00000-0  10000-3 0  8061
2 27566   2.0665  64.7467 0010799 210.2729 330.1626  1.00275808 37507
SORCE                   
1 27651U 03004A   13054.46241617  .00000876  00000-0  11766-3 0   347
2 27651  39.9968  73.8083 0025338   3.2881 356.8078 14.84282665546333
GALEX                   
1 27783U 03017A   13053.90013310  .00000398  00000-0  59034-4 0  7204
2 27783  28.9995 339.5726 0003351   4.5864 355.4754 14.60587952524770
GP-B                    
1 28230U 04014A   13054.77761920  .00000314  00000-0  42498-4 0  6699
2 28230  89.9099 146.0200 0003280  67.2405 292.9159 14.76848886476588
AURA                    
1 28376U 04026A   13054.08878338  .00000452  00000-0  11042-3 0  7299
2 28376  98.2242 359.2386 0001390  90.0008 270.1367 14.57100512457953
SWIFT                   
1 28485U 04047A   13054.71830511  .00001942  00000-0  13278-3 0  3805
2 28485  20.5581 287.9490 0013535 247.5624 112.3420 14.95868917451401
THEMIS A                
1 30580U 07004A   13051.62764677 -.00000399  00000-0  00000+0 0  5191
2 30580  11.7830  79.1017 8223941  43.1733   3.7722  1.04956332 21459
THEMIS D                
1 30797U 07004D   13051.36611431 -.00000356  00000-0  00000+0 0  6724
2 30797   8.1253  45.8326 8199578  72.1470  17.8629  1.04998039 21305
THEMIS E                
1 30798U 07004E   13051.47231285 -.00000389  00000-0  00000+0 0  6830
2 30798   8.1300  60.8088 8199899  59.2096  18.1360  1.04979449 21453
AIM                     
1 31304U 07015A   13054.41383439  .00002749  00000-0  24123-3 0  9696
2 31304  97.8456 169.6380 0011742  66.1051 294.1387 14.97420266317926
C/NOFS                  
1 32765U 08017A   13054.69750993  .00016326  00000-0  59763-3 0  2444
2 32765  13.0005 223.4989 0242889 163.7490 284.1391 15.01539969264349
FGRST (GLAST)           
1 33053U 08029A   13054.89102394  .00001051  00000-0  50146-4 0  2723
2 33053  25.5824 250.8381 0013823 116.0645  14.6902 15.06818652259212
WISE                    
1 36119U 09071A   13054.53993444  .00002232  00000-0  11721-3 0  9254
2 36119  97.5195  62.7723 0004517  75.4720 284.7002 15.16741687176572
TDRS 11                 
1 39070U 13004A   13054.21123405  .00000118  00000-0  00000+0 0   280
2 39070   7.0020 331.7511 0013183 258.1480 209.9278  1.00267332   286
