HUANJING 1C (HJ-1C)     
1 38997U 12064A   12353.23666853 -.00000070  00000-0  00000+0 0   967
2 38997  97.3480 357.0448 0012726 142.1470 278.8400 15.23540618  4443
FENGNIAO 1 (FN-1)       
1 38998U 12064B   12353.15874003  .00003025  00000-0  12698-3 0   947
2 38998  97.3460 356.9912 0010504 155.6868 266.9965 15.24178501  4429
XINYAN 1 (XY-1)         
1 38999U 12064C   12353.16733978  .00004006  00000-0  16902-3 0   935
2 38999  97.3470 356.9863 0010732 145.3452 283.6071 15.23813669  4428
CZ-2C R/B               
1 39000U 12064D   12353.19140804  .00005423  00000-0  19626-3 0   369
2 39000  97.3534 357.2368 0009637 299.1685  60.8591 15.28789038  4446
ECHOSTAR 16             
1 39008U 12065A   12352.07673789 -.00000280  00000-0  00000+0 0   311
2 39008   0.0202 267.5922 0001885 232.9829 266.0364  1.00268942   375
BREEZE-M R/B            
1 39009U 12065B   12352.37642778 -.00000107  00000-0  00000+0 0   216
2 39009  30.6044 340.0760 6881408  12.7316 358.2427  2.23056872   696
BREEZE-M DEB [TANK]     
1 39010U 12065C   12352.23946384  .00005132  00000-0  98106-3 0   190
2 39010  49.7068 321.9718 4740109  12.8162 355.9401  6.04228700  1473
YAOGAN 16A              
1 39011U 12066A   12353.17493636 -.00000091  00000-0  00000+0 0   780
2 39011  63.3830  14.6343 0007267  13.8489 346.2765 13.46678364  3098
YAOGAN 16B              
1 39012U 12066B   12353.17554789 -.00000091  00000-0  00000+0 0   799
2 39012  63.3833  14.6370 0008883 322.9931  37.0490 13.46711855  3108
YAOGAN 16C              
1 39013U 12066C   12353.13259219 -.00000092  00000-0  00000+0 0   764
2 39013  63.3839  14.0403 0033467 285.5848  74.1522 13.54261630  3112
CZ-4C R/B               
1 39014U 12066D   12353.21290152 -.00000118  00000-0 -23242-4 0   268
2 39014  63.4407  12.1968 0147974  20.6799 340.0142 13.70060009  3154
CZ-4C DEB               
1 39015U 12066E   12352.54560353 -.00000090  00000-0  00000+0 0   256
2 39015  63.3851  16.4954 0014663   9.8865 350.2446 13.43848600  3016
CZ-4C DEB               
1 39016U 12066F   12352.24175244 -.00000090  00000-0  00000+0 0   222
2 39016  63.3849  17.2370 0016513  13.8868 346.2608 13.44227206  2972
CHINASAT 12 (ZX 12)     
1 39017U 12067A   12351.76730884 -.00000159  00000-0  00000+0 0   111
2 39017   0.0386 195.0184 0000684 289.4785 319.0647  1.00271557   275
CZ-3B R/B               
1 39018U 12067B   12352.46846292  .00001376  00000-0  13231-2 0   104
2 39018  26.6533 212.4250 7875361 187.4877 141.9328  1.56795078   368
EUTELSAT 70B            
1 39020U 12069A   12352.87889438  .00000103  00000-0  00000+0 0   196
2 39020   0.0507 127.0842 0001194  29.3488 297.8360  1.00267416   182
BLOCK DM-SL R/B         
1 39021U 12069B   12352.40984584 -.00000145  00000-0  10000-3 0   130
2 39021   0.0124 127.9084 6877847 284.2907 352.2630  2.21894802   304
YAMAL 402               
1 39022U 12070A   12353.05871259  .00000033  00000-0  10000-3 0   123
2 39022   0.0515 265.5055 0005359  65.3757 191.1078  1.00581864   170
BREEZE-M R/B            
1 39023U 12070B   12351.78049794 -.00000066  00000-0  00000+0 0   136
2 39023  26.0214 283.2061 6336049   2.0679   2.1235  2.10005100   182
BREEZE-M DEB [TANK]     
1 39024U 12070C   12349.86932475 -.00000140  00000-0  00000+0 0   122
2 39024  47.9373 283.2455 7183474   1.5936   5.2265  2.27299295   131
KMS 3-2                 
1 39026U 12072A   12353.24685568  .00002596  00000-0  16246-3 0   333
2 39026  97.4049  41.9729 0060301 151.5616 208.8926 15.08756125   940
UNHA 3 R/B              
1 39027U 12072B   12353.25125822  .00001465  00000-0  95426-4 0   317
2 39027  97.4045  41.9648 0066227 154.2205 206.2346 15.07676604   944
UNHA 3 DEB              
1 39028U 12072C   12353.17943394  .00005612  00000-0  33276-3 0   267
2 39028  97.4475  41.9381 0052874 154.6593 239.4569 15.10569181   932
UNHA 3 DEB              
1 39029U 12072D   12353.18362532  .00005301  00000-0  33284-3 0   240
2 39029  97.3646  41.8908 0063185 149.8923 210.6007 15.08015368   923
