ORBVIEW 2 (SEASTAR)     
1 24883U 97037A   13054.39228578  .00000152  00000-0  71704-4 0  9674
2 24883  98.4380 172.0631 0003197  90.2826 269.8722 14.32587953826364
METEOSAT-7              
1 24932U 97049B   13054.05342809  .00000053  00000-0  10000-3 0  5159
2 24932   8.2052  53.4736 0001461 222.9300 313.5730  1.00279836 56691
NOAA 15                 
1 25338U 98030A   13054.12282082  .00000235  00000-0  11873-3 0  6326
2 25338  98.7143  44.9957 0011594  98.6480 261.6017 14.25180895768599
NOAA 16                 
1 26536U 00055A   13054.09725698  .00000106  00000-0  81688-4 0  1108
2 26536  99.0583 105.6511 0011297  97.2866 262.9572 14.12842032640465
GOES 12                 
1 26871U 01031A   13054.25662917 -.00000293  00000-0  10000-3 0  9449
2 26871   2.8084  70.4548 0002019 311.2984 164.3885  1.00277292 42513
FENGYUN 1D              
1 27431U 02024B   13054.85693744 -.00000205  00000-0 -92502-4 0  9906
2 27431  98.8009  21.3550 0014946 197.0504 163.0177 14.09387199554638
NOAA 17                 
1 27453U 02032A   13054.27262192  .00000142  00000-0  78760-4 0   330
2 27453  98.3185  74.3644 0012324 136.5219 223.6925 14.24542076554507
METEOSAT-8 (MSG-1)      
1 27509U 02040B   13054.18327191  .00000016  00000-0  10000-3 0  2639
2 27509   1.8872  62.1036 0000326  99.1346  62.0283  1.00267158 38509
KALPANA-1 (METSAT 1)    
1 27525U 02043A   13054.86415681 -.00000086  00000-0  10000-3 0  6404
2 27525   3.4094  67.9047 0005770 218.5361 252.5130  1.00273270 38316
INSAT-3A                
1 27714U 03013A   13054.88040013 -.00000266  00000-0  10000-3 0  5507
2 27714   0.0562 272.4769 0005264  31.4252 260.4263  1.00271498 36214
FENGYUN 2C              
1 28451U 04042A   13054.62988252 -.00000366  00000-0  10000-3 0  6217
2 28451   4.5041  63.5755 0002437  52.9129  27.0556  1.00283350 30562
HIMAWARI-6 (MTSAT-1R)   
1 28622U 05006A   13052.48863259 -.00000290  00000-0  10000-3 0  8239
2 28622   0.0472 296.3824 0001103  43.0234 128.0690  1.00273416 29247
NOAA 18                 
1 28654U 05018A   13054.24630811  .00000408  00000-0  24894-3 0  5175
2 28654  99.0824  20.9071 0014431 166.2130 193.9450 14.11775122399980
METEOSAT-9 (MSG-2)      
1 28912U 05049B   13054.83063267  .00000055  00000-0  10000-3 0  4379
2 28912   0.3973  10.7773 0003234 308.0966 143.3959  1.00269388 26363
MTSAT-2                 
1 28937U 06004A   13053.48389027 -.00000252  00000-0  10000-3 0  3428
2 28937   0.0130 263.4565 0004785  64.8340 143.4195  1.00272307 25731
FORMOSAT-3 FM6          
1 29047U 06011A   13054.09031473  .00000429  00000-0  18822-3 0   349
2 29047  71.9802 159.0039 0051568 344.8267  15.1352 14.27609111359902
FORMOSAT-3 FM1          
1 29048U 06011B   13053.54210691  .00000393  00000-0  17471-3 0  1148
2 29048  71.9691  74.0110 0046425 298.3300  61.3145 14.27610995362305
FORMOSAT-3 FM5          
1 29049U 06011C   13053.75828904  .00000365  00000-0  16364-3 0   535
2 29049  72.0188 230.1527 0035213 348.6551  11.3763 14.27624853358119
FORMOSAT-3 FM3          
1 29050U 06011D   13054.16878013  .00001139  00000-0  26646-3 0  3817
2 29050  72.0169 282.8568 0052460 134.1697 226.3734 14.55690947367115
FORMOSAT-3 FM4          
1 29051U 06011E   13054.70280306  .00000377  00000-0  16522-3 0  1082
2 29051  72.0079 134.9699 0070698 221.6930 137.8799 14.27632194360831
FORMOSAT-3 FM2          
1 29052U 06011F   13053.88561951  .00000364  00000-0  16273-3 0  1291
2 29052  72.0336 202.9315 0041594 315.0082  44.7672 14.27683234359024
GOES 13                 
1 29155U 06018A   13051.41999197 -.00000259  00000-0  10000-3 0  4307
2 29155   0.3928  90.9255 0001911 319.2552 176.7385  1.00267877 24736
METOP-A                 
1 29499U 06044A   13054.27162775  .00000711  00000-0  34454-3 0  9764
2 29499  98.6657 115.5118 0001903  66.8692 293.2738 14.21511287329390
FENGYUN 2D              
1 29640U 06053A   13053.83592747 -.00000208  00000-0  10000-3 0  6174
2 29640   1.3595  72.6833 0001749 336.3902 131.3144  1.00275266 22800
FENGYUN 3A              
1 32958U 08026A   13054.76286779 -.00000257  00000-0 -10223-3 0  7027
2 32958  98.6176 123.0473 0009977 153.3665 206.7999 14.19327802245973
NOAA 19                 
1 33591U 09005A   13054.31067246  .00000460  00000-0  27778-3 0  7045
2 33591  98.8912 357.3337 0014540  34.5606 325.6512 14.11463423208439
GOES 14                 
1 35491U 09033A   13052.32867208 -.00000095  00000-0  10000-3 0  8486
2 35491   0.0207 235.8079 0004001 357.8443 290.5557  1.00272289 13419
METEOR-M 1              
1 35865U 09049A   13054.72057304 -.00000349  00000-0 -13887-3 0  2351
2 35865  98.6169 109.8534 0003261  54.0230 306.1231 14.21878883178343
GOES 15                 
1 36411U 10008A   13054.47663101  .00000081  00000-0  10000-3 0  4544
2 36411   0.0572 254.5192 0002339  15.1594 280.1283  1.00267300 10937
COMS 1                  
1 36744U 10032A   13053.74051855 -.00000353  00000-0  10000-3 0  5258
2 36744   0.0136 116.3481 0000794 234.8745 196.3445  1.00271446  9896
FENGYUN 3B              
1 37214U 10059A   13054.85683651 -.00000102  00000-0 -27417-4 0  5465
2 37214  98.7905   0.4441 0001719  61.7194 298.4184 14.19314753119483
ELEKTRO-L 1 (GOMS 2)    
1 37344U 11001A   13053.83563017 -.00000106  00000-0  10000-3 0  5481
2 37344   0.0453 339.2754 0000511 256.5211 293.9221  1.00272946  7722
SUOMI NPP               
1 37849U 11061A   13053.95347816  .00000041  00000-0  40227-4 0  4275
2 37849  98.7404 353.8558 0001413  56.6451 303.4891 14.19531187 68617
FENGYUN 2F              
1 38049U 12002A   13053.84813683 -.00000365  00000-0  10000-3 0  2994
2 38049   1.5200 277.7142 0004936 236.7570  55.6312  1.00264344  4130
METOP-B                 
1 38771U 12049A   13054.23930121 -.00000143  00000-0 -45346-4 0  1444
2 38771  98.7171 116.0965 0002673 132.7149 227.4252 14.21484059 22527
