MACSAT 2 (M 2)          
1 20608U 90043B   13054.18326447  .00000272  00000-0  36739-4 0  8868
2 20608  89.7487  38.5748 0093540 180.6642 246.0174 14.73054240221542
TUBSAT A                
1 21577U 91050D   13053.94377791  .00000163  00000-0  67609-4 0  5950
2 21577  98.6467  17.3686 0006383 359.2915   0.8257 14.38844133133849
S80/T                   
1 22078U 92052C   13053.38125814 -.00000037  00000-0  10000-3 0  2843
2 22078  66.0870  19.3294 0009194 334.5572  25.4998 12.86753916964945
HEALTHSAT 1             
1 22827U 93061E   13054.47173946  .00000094  00000-0  52786-4 0  3544
2 22827  98.6035   2.4022 0008298 220.2881 250.1645 14.30544051 12816
TUBSAT B                
1 22970U 94003B   13054.54850450 -.00000106  00000-0 -30940-3 0  1091
2 22970  82.5598 278.7041 0017266 118.4030 251.2596 13.16933496917324
CERISE                  
1 23606U 95033B   13054.13052589  .00001134  00000-0  13013-3 0    62
2 23606  98.3545 256.5465 0006966  69.7093 290.4870 14.88021248951886
UPM/LBSAT               
1 23607U 95033C   13053.80962194  .00000312  00000-0  53201-4 0  2173
2 23607  98.2159 176.2877 0005126 274.2813  85.7805 14.75887794947578
FAISAT 2V               
1 24954U 97052B   13054.86640726  .00000044  00000-0  27650-4 0  7124
2 24954  82.9240  26.2886 0038208 303.7210 116.1141 13.79767296776495
MUBLCOM                 
1 25736U 99026B   13054.51108672  .00000350  00000-0  10895-3 0  8478
2 25736  97.6727 246.6686 0005053 212.2098 147.8788 14.45861602725361
RUBIN-3 & SL-8 R/B      
1 27561U 02054C   13054.39068075  .00000205  00000-0  58061-4 0  8285
2 27561  98.0304 206.2650 0047687  15.9980 344.2714 14.54353363543275
APRIZESAT 2             
1 28366U 04025A   13053.88322176  .00000172  00000-0  68992-4 0  4189
2 28366  98.2557   0.9459 0109704  84.6377 276.7339 14.35944611453463
SAUDICOMSAT 1           
1 28369U 04025D   13053.71429651  .00000142  00000-0  46227-4 0  4780
2 28369  97.9824  43.4582 0033334 207.9208 152.0184 14.51182172458199
SAUDICOMSAT 2           
1 28370U 04025E   13054.44108775  .00000239  00000-0  77367-4 0  4746
2 28370  98.0881  28.2562 0057696 279.8072  79.6623 14.46264089456753
APRIZESAT 1             
1 28372U 04025G   13053.99837483  .00000167  00000-0  55174-4 0  4643
2 28372  98.0372  34.7520 0045997 243.9170 115.7276 14.48617200457440
NANOSAT-1               
1 28493U 04049B   13054.14011674  .00000335  00000-0  62589-4 0  4855
2 28493  98.3832  68.1448 0004212 330.3702  29.7276 14.71453215439146
SAUDICOMSAT 7           
1 31119U 07012C   13054.63341289  .00000392  00000-0  88724-4 0  7843
2 31119  97.8288  75.0901 0061618 345.9903  13.9569 14.60119874312062
SAUDICOMSAT 6           
1 31121U 07012E   13054.49138258  .00000372  00000-0  89075-4 0  7815
2 31121  97.8495  64.9840 0079026  18.7610 341.6477 14.56961070311387
SAUDICOMSAT 5           
1 31124U 07012H   13054.56697188  .00000407  00000-0  89121-4 0  7909
2 31124  97.8231  80.7845 0052671 330.2458  29.5761 14.61741619312399
SAUDICOMSAT 3           
1 31125U 07012J   13054.56230785  .00000418  00000-0  88749-4 0  8050
2 31125  97.8212  86.3649 0044044 315.0787  44.6860 14.63322284312724
SAUDICOMSAT 4           
1 31127U 07012L   13054.60888512  .00000387  00000-0  89803-4 0  7881
2 31127  97.8382  70.3509 0069935   1.5392 358.5996 14.58636211311747
APRIZESAT 4             
1 35684U 09041D   13054.78554540  .00000081  00000-0  18923-4 0  1236
2 35684  98.0581 331.3892 0050051 127.3131 233.2678 14.76983822192550
APRIZESAT 3             
1 35686U 09041F   13054.76943517  .00000725  00000-0  89461-4 0  1412
2 35686  98.1024 347.2693 0078854  90.5660 270.4650 14.83917537193416
AISSAT 1                
1 36797U 10035C   13054.81346207  .00000122  00000-0  22171-4 0  8390
2 36797  98.0388 138.7274 0013429  84.1104 276.1606 14.82064767141750
