LES 9                   
1 08747U 76023B   12276.59051868 -.00000067  00000-0  10000-3 0  8340
2 08747  12.5123 117.0348 0023451  11.6881 348.5362  1.00275243 79490
GOES 3                  
1 10953U 78062A   12277.23969721 -.00000094  00000-0  10000-3 0  9661
2 10953  14.5544 349.3689 0005803  97.8601 262.2136  1.00272352 78742
ESIAFI 1 (COMSTAR 4)    
1 12309U 81018A   12275.75155153 -.00000148  00000-0  10000-3 0  5985
2 12309  14.6495 359.3180 0002502  53.4558 306.5735  1.00284455117258
SATCOM C5               
1 13631U 82105A   12278.30951541 -.00000111  00000-0  10000-3 0   616
2 13631  14.2290  19.4348 0001470  61.8552 298.1604  1.00272265 76202
GSTAR 1                 
1 15677U 85035A   12277.35993445 -.00000107  00000-0  00000+0 0  5767
2 15677  13.0209  36.8322 0005901 338.3566  21.6193  1.00272502 75054
GSTAR 3                 
1 19483U 88081A   12276.28556335 -.00000119  00000-0  10000-3 0  8305
2 19483  15.5437   8.9305 0008143  56.5335 303.5466  1.00273015 84424
TDRS 3                  
1 19548U 88091B   12279.21539367 -.00000296  00000-0  10000-3 0  9396
2 19548  13.8371  26.9996 0006908 356.0193  19.8092  1.00282713 75244
LEASAT 5                
1 20410U 90002B   12278.02250700 -.00000077  00000-0  10000-3 0  7788
2 20410  10.2219  26.6799 0002558 127.7255 298.8008  1.00271824 68523
INTELSAT 603 (IS-603)   
1 20523U 90021A   12278.11386797  .00000064  00000-0  10000-3 0  1341
2 20523   9.0883  52.7025 0001523 177.3952 195.6030  1.00274011 75550
COSMOS 2085             
1 20693U 90061A   12277.81760051 -.00000123  00000-0  10000-3 0  3459
2 20693  14.0000  23.3611 0006056  69.1097 290.9551  1.00284350 81320
SKYNET 4C               
1 20776U 90079A   12278.13253816 -.00000033  00000-0  10000-3 0  5230
2 20776  12.1036  34.5398 0002953 166.0675 219.0315  1.00271316 80773
INMARSAT 2-F1           
1 20918U 90093A   12276.78555918 -.00000360  00000-0  00000+0 0  1516
2 20918   9.0859  43.7310 0004249 162.1344 197.8157  1.00267983 76738
COSMOS 2133             
1 21111U 91010A   12276.85329036 -.00000061  00000-0  10000-3 0  5360
2 21111  13.3372  29.1415 0009159  54.6296 305.4534  1.00267987 79252
INMARSAT 2-F2           
1 21149U 91018A   12278.53706560  .00000098  00000-0  00000+0 0  2199
2 21149   8.4201  44.8546 0003383 150.6983 229.4387  1.00272405 79051
TDRS 5                  
1 21639U 91054B   12278.22965204  .00000094  00000-0  00000+0 0  1455
2 21639  12.3219  41.1065 0012337 355.1119 252.1953  1.00267773 77542
GORIZONT 27             
1 22245U 92082A   12278.66180337 -.00000306  00000-0  10000-3 0  8241
2 22245  13.4383  31.5544 0010016 262.5405  97.3509  1.00206445 77024
COSMOS 2224             
1 22269U 92088A   12277.72329964 -.00000373  00000-0  10000-3 0  9201
2 22269  12.6604  34.3553 0005113 102.7333 257.3242  1.00197768 71994
TDRS 6                  
1 22314U 93003B   12278.31454875 -.00000293  00000-0  10000-3 0  1670
2 22314  11.7340  43.9327 0007342 319.1287  61.0129  1.00282845 72272
ASTRA 1C                
1 22653U 93031A   12279.08404102  .00000002  00000-0  10000-3 0  9608
2 22653   5.3902  62.8526 0004305 131.0964 212.4794  1.00271685 66140
ACTS                    
1 22796U 93058B   12278.37358584 -.00000107  00000-0  10000-3 0   819
2 22796  11.9321  43.1930 0014375   7.7638 352.2671  1.00272526 76730
INTELSAT 701 (IS-701)   
1 22871U 93066A   12278.33758568 -.00000148  00000-0  10000-3 0    00
2 22871   0.7278  77.9301 0004372  93.9184 120.1279  1.00272190 69282
SOLIDARIDAD 1           
1 22911U 93073A   12278.39683152 -.00000085  00000-0  10000-3 0  6078
2 22911  10.5193  48.5758 0007838  92.0364 268.0689  1.00266660 67743
NATO 4B                 
1 22921U 93076A   12278.16833405  .00000136  00000-0  10000-3 0  7869
2 22921  10.1918  40.5537 0002667 159.0232 269.7913  1.00271354 68975
INTELSAT 702 (IS-702)   
1 23124U 94034A   12276.05054100  .00000112  00000-0  10000-3 0  8015
2 23124   1.0743  77.1278 0003166 110.4299 249.3317  1.00274658 81172
APSTAR 1                
1 23185U 94043A   12279.25243963 -.00000078  00000-0  10000-3 0  1592
2 23185   7.1376  57.6305 0000860 179.8648  29.1667  1.00413252 66672
DIRECTV 2 (DBS 2)       
1 23192U 94047A   12277.71554579  .00000000  00000-0  10000-3 0    77
2 23192   5.2410  63.5540 0006804 201.7788 158.3214  0.98634585 76314
OPTUS B3                
1 23227U 94055A   12275.63326943 -.00000089  00000-0  10000-3 0   535
2 23227   4.2598  65.5603 0005689  70.5995 266.5730  1.00271911 66254
NSS-703                 
1 23305U 94064A   12279.09425913 -.00000287  00000-0  00000+0 0  7074
2 23305   2.7309  70.2969 0003803 104.0959 186.7334  1.00272133 66015
SOLIDARIDAD 2           
1 23313U 94065A   12278.23195269 -.00000035  00000-0  10000-3 0  1785
2 23313   4.0599  66.2388 0004216 120.3365 155.3259  1.00271806 65878
ASTRA 1D                
1 23331U 94070A   12278.17492378  .00000125  00000-0  10000-3 0  4507
2 23331   4.4643  64.5782 0002428 134.9992 259.7534  1.00272154 66122
RADUGA 32               
1 23448U 94087A   12277.87430223 -.00000063  00000-0  10000-3 0  5504
2 23448  12.6073  38.4175 0007398 112.3512 247.7301  1.00266651 82766
BRASILSAT B2            
1 23536U 95016A   12278.40650422 -.00000280  00000-0  10000-3 0  7154
2 23536   4.1011  66.4475 0002067 144.1093 241.3074  1.00271831 64236
AMSC 1                  
1 23553U 95019A   12278.57730215 -.00000111  00000-0  10000-3 0  5569
2 23553   7.2620  57.6182 0004544 169.2450 251.3481  1.00272454 64043
INTELSAT 706 (IS-706)   
1 23571U 95023A   12278.81497455 -.00000337  00000-0  10000-3 0  6074
2 23571   1.0138  76.6666 0005891  94.7004 236.3717  1.00428481 63654
TDRS 7                  
1 23613U 95035B   12277.01069727 -.00000200  00000-0  10000-3 0  3124
2 23613  13.2976  34.5071 0028193 349.2125  77.0476  1.00275942 63060
TELSTAR 4 (TELSTAR 402R)
1 23670U 95049A   12278.44697101 -.00000013  00000-0  10000-3 0  3619
2 23670   8.0669  55.2325 0000979  70.6971 289.3572  1.00286537 62372
LUCH 1                  
1 23680U 95054A   12276.89457917 -.00000092  00000-0  10000-3 0  1820
2 23680  11.5785  47.8530 0008315  18.2039 341.8412  1.00277708 62211
ASTRA 1E                
1 23686U 95055A   12277.07182797  .00000021  00000-0  00000+0 0  5739
2 23686   2.0548  74.0130 0004508 103.0889 225.6274  1.00274173 62165
ECHOSTAR 1              
1 23754U 95073A   12278.70582358 -.00000251  00000-0  10000-3 0  7578
2 23754   0.0054  67.7076 0002116 129.7945 353.2506  1.00272060 61270
AFRICASAT-1 (MEASAT-1)  
1 23765U 96002B   12278.69818310  .00000122  00000-0  10000-3 0  4686
2 23765   4.4206  65.0756 0001132  73.9985 172.0854  1.00275552 61245
ABS-1A                  
1 23768U 96003A   12277.08302632 -.00000098  00000-0  10000-3 0  6817
2 23768   5.1599  63.1352 0000314 174.4298 239.3790  1.00273435 61229
INTELSAT 707 (IS-707)   
1 23816U 96015A   12278.64532826 -.00000295  00000-0  10000-3 0  4869
2 23816   0.0563  25.1737 0004322 175.5760 352.3029  1.00271056 60667
INMARSAT 3-F1           
1 23839U 96020A   12277.93535053  .00000001  00000-0  10000-3 0  5063
2 23839   0.5222  72.2685 0005485 130.5509 211.4311  1.00272153 60452
ASTRA 1F                
1 23842U 96021A   12277.93102911  .00000000  00000-0  10000-3 0  7028
2 23842   0.0726  37.5329 0004488 177.7099 187.9011  1.00272781 59570
MSAT M1                 
1 23846U 96022A   12278.38470229 -.00000090  00000-0  10000-3 0  3186
2 23846   4.6708  64.3327 0004610 129.2458 211.9280  1.00273119 60279
PALAPA C2               
1 23864U 96030A   12278.52689940 -.00000206  00000-0  10000-3 0  5713
2 23864   2.2163  72.0093 0001791 111.8402 169.9695  1.00271495 60005
INTELSAT 709 (IS-709)   
1 23915U 96035A   12278.16850096  .00000117  00000-0  10000-3 0  6471
2 23915   0.4135  79.7046 0003731 137.1218 264.6328  1.00266674 59743
APSTAR 1A               
1 23943U 96039A   12278.17645931  .00000093  00000-0  10000-3 0  9585
2 23943   6.4608  59.3471 0001054 133.2480 295.7749  1.00277367 59557
TELECOM 2D              
1 24209U 96044B   12278.32554929 -.00000074  00000-0  10000-3 0  4822
2 24209   5.6908  61.4914 0003316 197.5335 223.8038  1.00272157 59306
INMARSAT 3-F2           
1 24307U 96053A   12278.13235933 -.00000133  00000-0  10000-3 0  4052
2 24307   0.1326 287.3123 0005518 256.5100 221.5558  1.00271597 58872
ECHOSTAR 2              
1 24313U 96055A   12277.31826423 -.00000295  00000-0  10000-3 0  4970
2 24313   3.6999  67.0988 0004339  25.7286 334.5076  1.00269405 58893
AMC-1 (GE-1)            
1 24315U 96054A   12278.25039700 -.00000112  00000-0  10000-3 0  9231
2 24315   0.0100  41.8888 0003125 143.8887 174.7171  1.00272219 58864
ARABSAT-2B              
1 24652U 96063A   12279.01740389  .00000147  00000-0  10000-3 0  6438
2 24652   0.2406  81.1249 0003977 126.3793 206.8375  1.00273463 58702
AFRICASAT-2 (MEASAT-2)  
1 24653U 96063B   12278.64368120 -.00000227  00000-0  10000-3 0  7314
2 24653   4.3770  65.1329 0002876  69.0343 259.3094  1.00270429 58254
EUTELSAT 48A            
1 24665U 96067A   12277.02260554  .00000111  00000-0  10000-3 0  5784
2 24665   3.1039  69.1499 0005302 123.2593 236.1490  1.00276212 58485
INMARSAT 3-F3           
1 24674U 96070A   12276.59007404  .00000027  00000-0  10000-3 0  4361
2 24674   0.0189  19.1848 0004281 175.4431 207.6109  1.00272708 57817
AMC-2 (GE-2)            
1 24713U 97002A   12279.12100610  .00000110  00000-0  10000-3 0  4628
2 24713   0.8964  76.5459 0004928 138.4801 221.7586  1.00274386  8257
INTELSAT 26 (IS-26)     
1 24732U 97007A   12278.04646009  .00000102  00000-0  10000-3 0  2686
2 24732   4.3336  65.2834 0003461 125.9203 248.9565  1.00272808 57158
INTELSAT 801 (IS-801)   
1 24742U 97009A   12278.75936412 -.00000223  00000-0  10000-3 0  1940
2 24742   3.5625  67.8485 0003538 120.6352  69.2505  1.00270024 57160
DFH 3-2                 
1 24798U 97021A   12277.79770135  .00000000  00000-0  10000-3 0  1049
2 24798   7.7997  56.0859 0009990  17.4979 342.5917  1.00214217 56413
THOR II                 
1 24808U 97025A   12277.81025516  .00000126  00000-0  10000-3 0  2088
2 24808   3.8887  66.5964 0000822 138.9850 122.3508  1.00275023 56327
GALAXY 25 (G-25)        
1 24812U 97026A   12278.39402862 -.00000173  00000-0  10000-3 0  5087
2 24812   0.0043 213.5284 0003551 356.2876 212.4384  1.00271850 56292
INMARSAT 3-F4           
1 24819U 97027A   12278.26083802 -.00000295  00000-0  10000-3 0  2914
2 24819   2.4672  69.8350 0005358 129.1058 214.3758  1.00274448 56242
SUPERBIRD-A3            
1 24880U 97036A   12278.91282399 -.00000368  00000-0  10000-3 0  3424
2 24880   3.4470  67.9898 0001631 157.5308 240.8632  1.00113825 55577
ABS-5                   
1 24901U 97042A   12279.18351625 -.00000035  00000-0  10000-3 0  7081
2 24901   1.4758  76.2122 0005239 102.0123 259.0751  1.00273523 55407
INTELSAT 5 (IS-5)       
1 24916U 97046A   12278.30154690 -.00000040  00000-0  00000+0 0  3826
2 24916   0.0527  72.8317 0003179 120.6252  97.5041  1.00273523 55452
METEOSAT-7              
1 24932U 97049B   12278.12829712  .00000054  00000-0  00000+0 0  3049
2 24932   7.9186  55.0995 0003163 187.2966 234.5038  1.00274744 55271
AMC-3 (GE-3)            
1 24936U 97050A   12278.50539880 -.00000283  00000-0  10000-3 0  4301
2 24936   0.0203 284.6970 0002671 301.6244 262.2297  1.00272076 55277
NSS-5                   
1 24957U 97053A   12279.11184420  .00000103  00000-0  00000+0 0  4362
2 24957   0.3396  78.7885 0003971 105.0411 281.1408  1.00273210 55072
ECHOSTAR 3              
1 25004U 97059A   12278.39084770 -.00000292  00000-0  10000-3 0  3227
2 25004   0.0286  10.9972 0001805 206.4105 235.0078  1.00272400 54975
APSTAR 2R (TELSTAR 10)  
1 25010U 97062A   12278.03254414 -.00000110  00000-0  10000-3 0  8250
2 25010   0.4091  78.1497 0007952 119.1617 263.7944  1.00273205 54823
INDOSTAR 1              
1 25050U 97071B   12277.84402728 -.00000371  00000-0  00000+0 0  8002
2 25050   6.3260  59.7157 0003025  84.8700 288.2971  1.00252080 54589
JCSAT-1B                
1 25067U 97075A   12279.19487244 -.00000209  00000-0  10000-3 0  6698
2 25067   2.2351  71.7512 0004028 110.3837  52.3186  1.00272834 54398
ASTRA 1G                
1 25071U 97076A   12279.01971619  .00000145  00000-0  00000+0 0  2058
2 25071   0.0525 322.3425 0003246 228.9477 221.4227  1.00271712 54408
HGS-1 (ASIASAT 3)       
1 25126U 97086A   12277.30670629 -.00000277  00000-0  10000-3 0  6851
2 25126   4.4142  80.8347 0042037 268.6858  91.0675  1.00233968 54966
BRASILSAT B3            
1 25152U 98006A   12277.47656297 -.00000260  00000-0  10000-3 0  7185
2 25152   0.5843  82.1696 0005448 138.9441 248.0136  1.00268920 53785
INMARSAT 3-F5           
1 25153U 98006B   12278.10747667  .00000130  00000-0  10000-3 0  3034
2 25153   0.3358 339.3343 0005232 221.7937 235.5899  1.00277896 53759
EUTELSAT 16B            
1 25237U 98013A   12278.10533778  .00000094  00000-0  10000-3 0  4974
2 25237   0.8708  77.9672 0004880 110.2746 238.7298  1.00276068 53796
NSS-806                 
1 25239U 98014A   12278.20338738 -.00000272  00000-0  10000-3 0  9601
2 25239   0.0241  22.7633 0003288 166.7281 216.5413  1.00271665 53553
NILESAT 101             
1 25311U 98024A   12277.11504810 -.00000070  00000-0  00000+0 0  2994
2 25311   0.0481  28.4786 0003806 149.0171 229.1479  1.00272520 53148
COSMOS 2350             
1 25315U 98025A   12274.88643050 -.00000143  00000-0  10000-3 0  7597
2 25315   9.9684  48.1441 0008979  38.7696 321.3289  1.00262003 52849
CHINASAT 5A (ZX 5A)     
1 25354U 98033A   12278.69490060 -.00000217  00000-0  10000-3 0  5537
2 25354   0.0120 242.7573 0001936 296.8068 171.9040  1.00271186 57114
THOR III                
1 25358U 98035A   12277.31321094 -.00000048  00000-0  00000+0 0   487
2 25358   2.1594  71.9865 0002065 128.0239 280.8656  1.00272737 52539
INTELSAT 805 (IS-805)   
1 25371U 98037A   12277.33132331 -.00000297  00000-0  10000-3 0  9952
2 25371   0.0289 191.1841 0003258   8.6568 236.4004  1.00272776 52384
CHINASAT 5B (ZX 5B)     
1 25404U 98044A   12278.72846308 -.00000243  00000-0  10000-3 0   409
2 25404   0.9350  75.8173 0007605 106.7341 239.6266  1.00273014 52251
ST-1                    
1 25460U 98049A   12277.93452287  .00000000  00000-0  10000-3 0  3242
2 25460   0.9890  76.5346 0003852 105.4667 255.6000  1.00265898 51534
ASTRA 2A                
1 25462U 98050A   12279.18570976  .00000140  00000-0  00000+0 0  4703
2 25462   0.0202 215.9566 0003042 318.0907 295.2538  1.00273495 51704
INTELSAT 7 (IS-7)       
1 25473U 98052A   12278.17447086  .00000000  00000-0  10000-3 0  4744
2 25473   0.0300 104.1175 0003932  74.9735 325.6950  1.00270238 51488
SIRIUS 3                
1 25492U 98056B   12278.17568477  .00000098  00000-0  10000-3 0  1426
2 25492   3.2614  68.6314 0001149 142.5273 276.5732  1.00270684 51362
EUTELSAT 25A            
1 25495U 98057A   12277.79427984  .00000000  00000-0  10000-3 0  3700
2 25495   0.0435 351.5895 0003878 175.9762 156.8535  1.00274754 50578
AFRISTAR                
1 25515U 98063A   12278.80671883  .00000118  00000-0  10000-3 0  1070
2 25515   0.2988  75.1827 0004243 120.2611 129.8674  1.00272899 51059
AMC-5 (GE-5)            
1 25516U 98063B   12278.24248546 -.00000235  00000-0  10000-3 0   918
2 25516   2.0045  73.1476 0005264 136.3410 170.2337  1.00272413 51082
INTELSAT 8 (IS-8)       
1 25522U 98065A   12278.30154691 -.00000040  00000-0  10000-3 0  2478
2 25522   0.0340 251.0262 0004132 245.9005 154.0274  1.00274434 51046
BONUM-1                 
1 25546U 98068A   12278.73519498  .00000069  00000-0  10000-3 0  2249
2 25546   0.8905  78.5045 0002160  80.7036 175.2845  1.00272754 50878
SATMEX 5                
1 25558U 98070A   12277.34046289 -.00000025  00000-0  00000+0 0   510
2 25558   0.0167 122.5394 0002506  65.4627 190.2541  1.00274504 50864
GALAXY 26 (G-26)        
1 25626U 99005A   12278.04646009  .00000104  00000-0  10000-3 0   690
2 25626   0.0275 256.4765 0002869 292.7813 250.6273  1.00274660 49968
JCSAT-4A                
1 25630U 99006A   12278.27169662  .00000000  00000-0  10000-3 0   905
2 25630   0.0237 263.0214 0003114 218.9268 113.1867  1.00265461 46410
SKYNET 4E               
1 25639U 99009B   12279.18389706  .00000140  00000-0  10000-3 0  2324
2 25639   7.8491  43.2447 0002340 154.8553 274.7986  1.00270719 49878
ASIASAT 3S              
1 25657U 99013A   12278.52572546 -.00000344  00000-0  10000-3 0  3218
2 25657   0.0087 168.4360 0002570  16.7144 123.2595  1.00272553 49642
EUTELSAT 21A            
1 25673U 99018A   12277.09534791  .00000118  00000-0  10000-3 0  4626
2 25673   0.0081 114.0001 0004444  73.3102 240.8011  1.00272982 49407
NIMIQ 1                 
1 25740U 99027A   12277.40000000 -.00000185  00000-0  00000+0 0  1769
2 25740   0.0270  50.1770 0001107  68.7880 306.4290  1.00271562 49028
ASTRA 1H                
1 25785U 99033A   12279.12100610  .00000112  00000-0  00000+0 0  1044
2 25785   0.3239  79.7840 0004348  68.3431 289.0708  1.00275406 48769
TELKOM 1                
1 25880U 99042A   12278.52578645 -.00000354  00000-0  10000-3 0  4148
2 25880   0.0127 209.4765 0002473  12.8544  88.5376  1.00269273 48210
ABS-7                   
1 25894U 99046A   12277.84402728 -.00000373  00000-0  10000-3 0  2003
2 25894   0.0178 224.0301 0001033 216.6782 351.9893  1.00272612 46983
GALAXY 27 (G-27)        
1 25922U 99052A   12279.18531402  .00000127  00000-0  10000-3 0  1075
2 25922   0.0148 269.2529 0002064 291.5089 285.3172  1.00274428 47722
ABS-1                   
1 25924U 99053A   12278.73569809 -.00000097  00000-0  10000-3 0  2090
2 25924   0.0206 135.0763 0001763  70.9344 147.6402  1.00272337 47731
DIRECTV 1R              
1 25937U 99056A   12278.39065713 -.00000290  00000-0  00000+0 0  3488
2 25937   0.4211  76.4253 0005980 119.2511 248.4515  1.00750962 47599
TELSTAR 12 (ORION 2)    
1 25949U 99059A   12278.23692834 -.00000129  00000-0  00000+0 0  2139
2 25949   0.0197 176.9964 0002859   7.4674 259.1792  1.00272128 47461
AMC-4 (GE-4)            
1 25954U 99060A   12278.36220970  .00000000  00000-0  10000-3 0  3705
2 25954   0.0622  60.6578 0002814  73.5561 302.5906  1.00264360 47155
GALAXY 11 (G-11)        
1 26038U 99071A   12276.35209023 -.00000299  00000-0  10000-3 0  4504
2 26038   0.0262 318.8639 0002257 325.4102 158.4206  1.00271852 46914
ZHONGXING-22            
1 26058U 00003A   12278.81869355 -.00000300  00000-0  10000-3 0   932
2 26058   3.9144  66.1378 0001810 125.9840 214.4235  1.00272554 46540
HISPASAT 1C             
1 26071U 00007A   12278.37975275 -.00000226  00000-0  00000+0 0  8526
2 26071   0.0638  33.7674 0002783 158.8842 287.5436  1.00272179 46476
GARUDA 1                
1 26089U 00011A   12278.84494144 -.00000367  00000-0  10000-3 0   582
2 26089   0.9289 222.9819 0003531   8.5751 209.6449  1.00270387 46356
SUPERBIRD-B2            
1 26095U 00012A   12277.69828183 -.00000103  00000-0  00000-0 0  3550
2 26095   0.0139 219.6566 0002316 330.7269 235.7994  1.00271847 46306
EXPRESS-A2              
1 26098U 00013A   12279.24914036 -.00000326  00000-0  10000-3 0  8006
2 26098   6.0149  60.7689 0020600  91.9434  53.8852  1.00265886 46020
ASIASTAR                
1 26107U 00016A   12278.81205722 -.00000341  00000-0  10000-3 0  2693
2 26107   0.0320 343.6270 0004699 215.8348 211.7689  1.00269401 45980
EUTELSAT 16C            
1 26243U 00019A   12277.81003410  .00000085  00000-0  10000-3 0  1015
2 26243   0.8063  76.3576 0004784  94.5304 148.1189  1.00273562 45645
EUTELSAT 36A            
1 26369U 00028A   12279.05947497  .00000146  00000-0  10000-3 0  1663
2 26369   0.0719 356.0092 0004061 195.8854 239.7573  1.00274586 45313
TDRS 8                  
1 26388U 00034A   12278.91647801 -.00000229  00000-0  10000-3 0  7389
2 26388   4.1876  75.3000 0005166  98.3720 259.4276  1.00269927 45018
COSMOS 2371             
1 26394U 00036A   12276.89697564 -.00000122  00000-0  10000-3 0  1593
2 26394   9.3039  51.7430 0004593  32.8173 327.2428  1.00282999 44854
ECHOSTAR 6              
1 26402U 00038A   12279.17630817 -.00000251  00000-0  10000-3 0  3345
2 26402   0.7174  78.1160 0002780 121.0385 161.6432  1.00272456 44799
INTELSAT 9 (IS-9)       
1 26451U 00043A   12278.40225100 -.00000295  00000-0  10000-3 0  8764
2 26451   0.0046 147.2899 0002233  36.6935 276.3128  1.00271405 44672
BRASILSAT B4            
1 26469U 00046A   12277.49698819 -.00000223  00000-0  00000+0 0  1540
2 26469   0.0579 218.8879 0002492 334.0485 274.5775  1.00274780 44450
NILESAT 102             
1 26470U 00046B   12277.11504810 -.00000069  00000-0  10000-3 0  7716
2 26470   0.0270 253.8775 0004152 307.4188 205.3758  1.00274443 44452
RADUGA-1 5              
1 26477U 00049A   12278.42559596 -.00000301  00000-0  10000-3 0  4640
2 26477   9.1807  52.2637 0003384  31.3580 182.2801  1.00231777 44318
ASTRA 2B                
1 26494U 00054A   12278.16768019  .00000140  00000-0  00000+0 0  1202
2 26494   0.0634 295.7598 0003019 292.7066 233.3850  1.00276028 44165
AMC-7 (GE-7)            
1 26495U 00054B   12278.24485499  .00000086  00000-0  10000-3 0   180
2 26495   0.0248 340.0063 0003049 220.4215 124.0764  1.00274447 44179
NSS-11 (AAP-1)          
1 26554U 00059A   12276.25841594 -.00000358  00000-0  10000-3 0  2367
2 26554   0.0069 211.3061 0002178 314.9361  46.3698  1.00271001 44004
N-SAT-110 (JCSAT-110)   
1 26559U 00060A   12278.25454510  .00000000  00000-0  10000-3 0  1782
2 26559   0.0197 225.8775 0000234 101.2543 247.8676  1.00263151 39479
AMC-6 (GE-6)            
1 26580U 00067A   12278.43601534 -.00000269  00000-0  10000-3 0  1129
2 26580   0.0334  39.6119 0003023 169.8768 249.0253  1.00272807 43813
INTELSAT 12 (IS-12)     
1 26590U 00068A   12279.18531402  .00000127  00000-0  10000-3 0  8983
2 26590   0.0015 252.3401 0003708 297.4497 296.2021  1.00273959 43743
INTELSAT 1R (IS-1R)     
1 26608U 00072A   12278.21130006 -.00000293  00000-0  10000-3 0  5438
2 26608   0.0323  11.1149 0000170  66.2581 322.0086  1.00268127 43583
ANIK F1                 
1 26624U 00076A   12276.60885976 -.00000088  00000-0  00000+0 0  8681
2 26624   0.0128 149.5972 0001081 348.8336 345.2179  1.00273074 43546
ASTRA 2D                
1 26638U 00081A   12278.23516204  .00000139  00000-0  00000+0 0  1014
2 26638   0.4956  82.2007 0000868 120.2100 283.5413  1.00273210 43276
AMC-8 (GE-8)            
1 26639U 00081B   12278.56862661  .00000095  00000-0  00000+0 0   269
2 26639   0.0265  33.6854 0002340 157.9042 247.7844  1.00266387 43249
TURKSAT 2A              
1 26666U 01002A   12279.11806285  .00000136  00000-0  10000-3 0   840
2 26666   0.0541 267.6316 0004909 308.8568 242.2189  1.00272957 42994
SICRAL 1                
1 26694U 01005A   12276.81389065  .00000093  00000-0  10000-3 0  1067
2 26694   4.1728  65.4980 0004367 130.4293 125.2424  1.00274974 42713
SKYNET 4F               
1 26695U 01005B   12279.16092566 -.00000246  00000-0  10000-3 0  7546
2 26695   6.2857  50.4603 0003570 131.6927 216.0940  1.00272351 42717
EUTELSAT 28A            
1 26719U 01011A   12278.23516204  .00000140  00000-0  00000+0 0  2482
2 26719   0.0704   7.1861 0004471 183.9281 295.3695  1.00273910 42412
XM-2 (ROCK)             
1 26724U 01012A   12279.14503293 -.00000033  00000-0  10000-3 0  3303
2 26724   0.0941 298.9087 0003384  15.4932 356.7871  1.00272968 42381
XM-1 (ROLL)             
1 26761U 01018A   12278.57433306 -.00000033  00000-0  10000-3 0  1682
2 26761   0.0438 252.6147 0003711 325.6675 246.9117  1.00272346 41855
INTELSAT 10 (IS-10)     
1 26766U 01019A   12278.73552277 -.00000035  00000-0  10000-3 0   899
2 26766   0.0792  40.8050 0002371 109.1126 197.2325  1.00273683 41753
INTELSAT 901 (IS-901)   
1 26824U 01024A   12278.52574918  .00000000  00000-0  10000-3 0  9433
2 26824   0.0136 149.4028 0003084  28.4995   6.9458  1.00266575 41508
ASTRA 2C                
1 26853U 01025A   12272.00000000  .00000094  00000-0  00000+0 0  9471
2 26853   0.0350  30.1100 0000352 278.7880  77.4550  1.00271498 41385
ARTEMIS                 
1 26863U 01029A   12278.05294387  .00000114  00000-0  00000+0 0  3703
2 26863  10.1364  53.0203 0003522 154.6386 206.0026  1.00276113 42238
GOES 12                 
1 26871U 01031A   12278.39090105 -.00000294  00000-0  10000-3 0  7556
2 26871   2.4982  71.8357 0003189 140.1173 242.7561  1.00270207 41090
INTELSAT 902 (IS-902)   
1 26900U 01039A   12278.43876705  .00000000  00000-0  10000-3 0  9646
2 26900   0.0109 305.7166 0002363 250.3290  37.5118  1.00272239 40670
EUTELSAT 8 WEST A       
1 26927U 01042A   12277.30250661 -.00000078  00000-0  10000-3 0  7409
2 26927   0.0639   8.4241 0005458 173.8518 290.9595  1.00272901 40409
DIRECTV 4S              
1 26985U 01052A   12278.22876101 -.00000124  00000-0  10000-3 0  9256
2 26985   0.0219 247.2994 0001509 309.7379 157.5210  1.00273811 39819
INSAT-3C                
1 27298U 02002A   12278.07016356  .00000000  00000-0  10000-3 0  7464
2 27298   0.0843  96.9025 0006610  10.9594   4.5667  1.00269254 39208
ECHOSTAR 7              
1 27378U 02006A   12278.08363277 -.00000011  00000-0  10000-3 0   977
2 27378   0.0277 334.2146 0001547 206.4940 103.7948  1.00273140 38887
INTELSAT 904 (IS-904)   
1 27380U 02007A   12277.95238503  .00000000  00000-0  10000-3 0   167
2 27380   0.0127 348.6583 0003309 213.8803 213.4478  1.00272743 38869
TDRS 9                  
1 27389U 02011A   12278.20539701 -.00000270  00000-0  10000-3 0    41
2 27389   1.8161 126.4453 0010057 264.9652  14.7190  1.00265100 40269
JCSAT-2A                
1 27399U 02015A   12278.00839302  .00000000  00000-0  10000-3 0  8536
2 27399   0.0488 154.6314 0002358  29.1483 346.3292  1.00266231 38596
ASTRA 3A                
1 27400U 02015B   12278.23310601  .00000128  00000-0  00000+0 0  6219
2 27400   0.3785  76.5578 0005260 180.9659 223.4185  1.00272403 38596
INTELSAT 903 (IS-903)   
1 27403U 02016A   12278.37211807 -.00000248  00000-0  10000-3 0  7272
2 27403   0.0073 274.2397 0003150 281.6897 276.9998  1.00271097 38583
NSS-7                   
1 27414U 02019A   12277.17775060 -.00000166  00000-0  00000+0 0    42
2 27414   0.0154  31.0891 0002835 167.5014 217.6974  1.00272356 38401
DIRECTV 5 (TEMPO 1)     
1 27426U 02023A   12278.22894889 -.00000067  00000-0  10000-3 0   166
2 27426   0.0064 212.8611 0003662 347.2152 145.5597  1.00273090 38149
INTELSAT 905 (IS-905)   
1 27438U 02027A   12279.15236666 -.00000194  00000-0  00000+0 0  5665
2 27438   0.0108 245.2564 0003171 295.3813 223.9585  1.00271827 37918
EXPRESS-A4              
1 27441U 02029A   12278.23707932 -.00000121  00000-0  10000-3 0  1007
2 27441   2.7875  70.3101 0003400  69.1024 305.2946  1.00272530 37807
GALAXY 3C (G-3C)        
1 27445U 02030A   12278.39004729 -.00000162  00000-0  10000-3 0  6622
2 27445   0.0296  29.9024 0000564 100.2055 288.7715  1.00272704 37781
EUTELSAT 5 WEST A       
1 27460U 02035A   12278.35649338 -.00000052  00000-0  10000-3 0  7833
2 27460   0.0554 345.9841 0004969 210.3097 300.4837  1.00271820 37577
N-STAR C                
1 27461U 02035B   12278.91202279 -.00000316  00000-0  10000-3 0  5184
2 27461   1.1939  77.7813 0002239 104.7181 295.8347  1.00269578 37585
EUTELSAT HOT BIRD 13A   
1 27499U 02038A   12278.10747231  .00000076  00000-0  10000-3 0  1594
2 27499   0.0911 289.9215 0007681 315.7686 179.1858  1.00272837 37085
ECHOSTAR 8              
1 27501U 02039A   12278.71073909 -.00000251  00000-0  10000-3 0   876
2 27501   0.0192 246.9553 0002878 313.7392 351.9348  1.00271883 37100
EUTELSAT 12 WEST A      
1 27508U 02040A   12277.98382248 -.00000110  00000-0  10000-3 0  8953
2 27508   0.0704 346.8740 0003163 165.3393 202.6185  1.00272372 37075
METEOSAT-8 (MSG-1)      
1 27509U 02040B   12278.02172157  .00000052  00000-0  00000+0 0   520
2 27509   1.5886  61.1098 0000997 134.9483 194.1140  1.00269676 37079
INTELSAT 906 (IS-906)   
1 27513U 02041A   12276.96761701  .00000001  00000-0  10000-3 0  7577
2 27513   0.0208 314.8531 0003103 233.8283 235.9073  1.00273720 36944
KODAMA (DRTS)           
1 27516U 02042B   12278.52538243 -.00000246  00000-0  00000+0 0  9959
2 27516   1.6564  74.3802 0002627 105.1780 113.9572  1.00274286 36926
KALPANA-1 (METSAT 1)    
1 27525U 02043A   12278.04938014 -.00000087  00000-0  10000-3 0  5489
2 27525   3.0992  69.2656 0005337 177.9234 217.7219  1.00272661 36880
HISPASAT 1D             
1 27528U 02044A   12279.17049389 -.00000225  00000-0  00000+0 0  6329
2 27528   0.0450 329.5788 0003485 251.1538 184.9210  1.00272682 36824
EUTELSAT 70A            
1 27554U 02051A   12278.73557612 -.00000053  00000-0  10000-3 0  7224
2 27554   0.0545 352.7806 0004380 210.9900 145.3505  1.00270012 36203
TDRS 10                 
1 27566U 02055A   12276.21822581  .00000072  00000-0  10000-3 0  7176
2 27566   1.7585  64.4271 0009623 167.6128  43.4287  1.00272282 36066
NSS-6                   
1 27603U 02057A   12278.52548153 -.00000280  00000-0  00000+0 0  5766
2 27603   0.0109 264.0749 0002959 288.9731 104.7626  1.00272186 35949
NIMIQ 2                 
1 27632U 02062A   12277.40000000 -.00000184  00000-0  00000+0 0  5385
2 27632   0.0440 125.7820 0005667  69.1740 230.4320  1.00264195 35792
INTELSAT 907 (IS-907)   
1 27683U 03007A   12278.14305670 -.00000213  00000-0  10000-3 0  3223
2 27683   0.0347 328.4661 0003655 221.9291 206.8571  1.00272041 35315
INSAT-3A                
1 27714U 03013A   12278.82503785 -.00000268  00000-0  10000-3 0  3339
2 27714   0.0505  99.2597 0005927 127.4527 177.7352  1.00272463 34795
GALAXY 12 (G-12)        
1 27715U 03013B   12278.41589116  .00000048  00000-0  10000-3 0  5974
2 27715   0.0542  29.6067 0002312 157.6213 207.0121  1.00272957 34832
ASIASAT 4               
1 27718U 03014A   12278.52613711 -.00000370  00000-0  10000-3 0  1503
2 27718   0.0108 164.4910 0002346 275.7937 244.8461  1.00269205 34760
HELLAS-SAT 2            
1 27811U 03020A   12278.11450830  .00000142  00000-0  10000-3 0  4981
2 27811   0.0082 229.3885 0004192 322.5081 261.5332  1.00272433 34310
BEIDOU 1C               
1 27813U 03021A   12278.69221491 -.00000202  00000-0  10000-3 0  6874
2 27813   1.7807  77.6985 0002737 155.9261 115.4767  1.00266534 34337
AMC-9 (GE-12)           
1 27820U 03024A   12277.49698979 -.00000227  00000-0  00000+0 0  6266
2 27820   0.0244 275.4761 0003664 264.1779 288.8861  1.00271615 34188
THURAYA-2               
1 27825U 03026A   12277.71846684  .00000124  00000-0  10000-3 0  3184
2 27825   3.3096  15.3284 0004989 171.0122 129.1861  1.00274991 34170
BSAT-2C                 
1 27830U 03028A   12278.56310031 -.00000360  00000-0  10000-3 0  6094
2 27830   0.0271 225.6531 0005035 347.8818 112.7041  1.00271356 34152
OPTUS C1                
1 27831U 03028B   12278.52705948 -.00000157  00000-0  00000+0 0  7029
2 27831   0.0214 213.1625 0004489 339.5274 166.6919  1.00272705 34142
ECHOSTAR 12 (RAINBOW 1) 
1 27852U 03033A   12278.38427672 -.00000292  00000-0  10000-3 0  6289
2 27852   0.0064  88.9886 0001325  82.2394 279.2715  1.00273302 33818
GALAXY 23 (G-23)        
1 27854U 03034A   12276.38923115 -.00000001  00000-0  10000-3 0  5831
2 27854   0.0066 267.6764 0003385 291.2615 191.7036  1.00273154 33571
EUTELSAT 33A            
1 27948U 03043A   12279.01795080  .00000146  00000-0  10000-3 0  7433
2 27948   0.0548   3.9734 0001163 139.9297 269.7497  1.00273762 33161
INSAT-3E                
1 27951U 03043E   12277.15269429  .00000072  00000-0  10000-3 0  4236
2 27951   0.0613 123.3123 0008386  66.1490 292.8511  1.00275022 33049
GALAXY 13 (HORIZONS-1)  
1 27954U 03044A   12277.38302602  .00000036  00000-0  00000+0 0  4501
2 27954   0.0122  59.1329 0001640  11.2926 312.9670  1.00274222 33065
ZHONGXING-20            
1 28082U 03052A   12279.25976398 -.00000301  00000-0  10000-3 0  7324
2 28082   0.0215 281.3639 0003756 337.0131 307.5711  1.00271119 32619
YAMAL 202               
1 28089U 03053A   12278.10714493  .00000109  00000-0  10000-3 0  5885
2 28089   0.0524 265.4426 0002493 286.8785 268.4482  1.00270167 32521
YAMAL 201               
1 28094U 03053B   12278.91647801 -.00000239  00000-0  10000-3 0   428
2 28094   0.0502 263.7044 0002695 277.6054 252.6022  1.00272558 34704
AMOS-2                  
1 28132U 03059A   12277.95148978 -.00000044  00000-0  10000-3 0  3563
2 28132   0.0085 178.1920 0003455   0.2916 173.1459  1.00274849 32206
EXPRESS-AM22 (SESAT 2)  
1 28134U 03060A   12278.73512638  .00000087  00000-0  10000-3 0  7292
2 28134   0.0516 327.3887 0001242 326.4522  37.6540  1.00274235 32131
AMC-10 (GE-10)          
1 28154U 04003A   12278.53944699  .00000078  00000-0  10000-3 0  6464
2 28154   0.0461  41.3199 0002754 150.8542 240.6628  1.00272877 31762
MBSAT                   
1 28184U 04007A   12276.22785852 -.00000264  00000-0  10000-3 0  4904
2 28184   0.0072 275.6589 0001725 266.7429  55.0333  1.00270615 31428
EUTELSAT 7A             
1 28187U 04008A   12278.31158324  .00000038  00000-0  10000-3 0  4355
2 28187   0.0685 355.6400 0004213 206.1146 290.8443  1.00274649 31401
DIRECTV 7S              
1 28238U 04016A   12278.08363255 -.00000010  00000-0  10000-3 0  6056
2 28238   0.0039  59.2848 0003199 127.2618  97.6959  1.00273677 30902
AMC-11 (GE-11)          
1 28252U 04017A   12278.09390171  .00000058  00000-0  10000-3 0  3262
2 28252   0.0507  42.3471 0002903 153.1717  80.4870  1.00273955 30690
INTELSAT 10-02          
1 28358U 04022A   12278.11357830 -.00000021  00000-0  10000-3 0  3916
2 28358   0.0074 188.8585 0000872 325.4610 258.8360  1.00273573 30452
APSTAR 5 (TELSTAR 18)   
1 28364U 04024A   12278.53730208 -.00000304  00000-0  10000-3 0  4516
2 28364   0.0200 115.7360 0002281  63.1907 166.1438  1.00271784 30438
ANIK F2                 
1 28378U 04027A   12278.50450245 -.00000060  00000-0  10000-3 0  1652
2 28378   0.0630  41.8977 0000733 204.7539 197.5160  1.00271540 30189
AMAZONAS 1              
1 28393U 04031A   12278.39085532 -.00000293  00000-0  10000-3 0    99
2 28393   0.0446 294.6102 0001641 273.5226 245.0673  1.00270220 29950
AMC-15                  
1 28446U 04041A   12277.50644537 -.00000100  00000-0  10000-3 0  5932
2 28446   0.0055 264.3329 0002453 272.7080 272.8590  1.00272852 29219
FENGYUN 2C              
1 28451U 04042A   12278.91282399 -.00000366  00000-0  10000-3 0  5135
2 28451   4.2050  64.9829 0001122 109.9127 291.1459  1.00280657 29142
EXPRESS-AM1             
1 28463U 04043A   12279.18150708  .00000141  00000-0  10000-3 0  3933
2 28463   2.0635  72.0103 0000658 196.2429 211.3711  1.00274230 29057
AMC-16                  
1 28472U 04048A   12279.25973885 -.00000216  00000-0  10000-3 0  5795
2 28472   0.0063  42.0452 0002756 145.9454 194.8781  1.00272757 28653
NSS-10 (AMC-12)         
1 28526U 05003A   12279.21793311 -.00000260  00000-0  10000-3 0   454
2 28526   0.0165 296.1183 0003153 271.8112 207.4230  1.00271595 28155
XTAR-EUR                
1 28542U 05005A   12276.63628653  .00000139  00000-0  00000+0 0   845
2 28542   0.0213 184.8974 0002073   6.0564  78.8727  1.00273441 27980
HIMAWARI-6 (MTSAT-1R)   
1 28622U 05006A   12278.52661735 -.00000290  00000-0  10000-3 0  7530
2 28622   0.0463 316.3277 0001838 340.8141  46.1192  1.00272368 27837
XM-3 (RHYTHM)           
1 28626U 05008A   12278.39029123 -.00000216  00000-0  10000-3 0  2498
2 28626   0.0177  78.6017 0000757  36.8050 313.5025  1.00271583 27893
INMARSAT 4-F1           
1 28628U 05009A   12277.53051959 -.00000272  00000-0  10000-3 0  5505
2 28628   2.5451 346.4873 0003195 207.5970 153.0360  1.00271809 27508
EXPRESS-AM2             
1 28629U 05010A   12276.63878377 -.00000149  00000-0  10000-3 0   721
2 28629   0.0562 357.6515 0001654 167.0380 157.0532  1.00272688 27517
APSTAR 6                
1 28638U 05012A   12278.53711899 -.00000327  00000-0  10000-3 0  3933
2 28638   0.0122 124.1415 0002566  78.2236 138.6454  1.00272796 52247
SPACEWAY 1              
1 28644U 05015A   12278.51725829 -.00000113  00000-0  10000-3 0  4607
2 28644   0.0123 295.1359 0000386 335.6794 186.0899  1.00272629 27346
DIRECTV 8               
1 28659U 05019A   12278.38989483 -.00000126  00000-0  10000-3 0  5380
2 28659   0.0054 276.6391 0003823 275.8512 220.5090  1.00272272 27012
GALAXY 28 (G-28)        
1 28702U 05022A   12277.67299734  .00000000  00000-0  10000-3 0  3598
2 28702   0.0279 135.0088 0002371  25.8169   5.1880  1.00265394 26716
EXPRESS-AM3             
1 28707U 05023A   12278.71186069  .00000000  00000-0  10000-3 0  8434
2 28707   0.0096 342.4101 0001248 185.3307 242.2837  1.00265685 26681
THAICOM 4               
1 28786U 05028A   12278.75630508 -.00000372  00000-0  10000-3 0   864
2 28786   0.0032 117.4900 0002426  67.2198 220.9444  1.00271889 26231
GALAXY 14 (G-14)        
1 28790U 05030A   12278.59193781  .00000027  00000-0  10000-3 0  3860
2 28790   0.0264  42.1917 0002821 151.5907 268.0013  1.00271854 26135
ANIK F1R                
1 28868U 05036A   12277.74540186  .00000000  00000-0  10000-3 0   535
2 28868   0.0181 133.5852 0002713  59.3972 340.9132  1.00268700 25989
GALAXY 15 (G-15)        
1 28884U 05041A   12278.46584696  .00000000  00000-0  10000-3 0  3952
2 28884   0.0103 352.6469 0001237 179.3086 236.3337  1.00270809 25560
SYRACUSE 3A             
1 28885U 05041B   12278.73497391  .00000119  00000-0  00000+0 0  2122
2 28885   0.0313 199.9055 0002394 345.5031 139.9953  1.00272048 25669
INMARSAT 4-F2           
1 28899U 05044A   12276.73726157  .00000124  00000-0  10000-3 0  4014
2 28899   2.2488 342.8227 0003169 213.0956 106.4445  1.00274486 25312
TELKOM 2                
1 28902U 05046A   12278.52603801 -.00000373  00000-0  10000-3 0  2149
2 28902   0.0083 175.6591 0001838  31.3078 114.0655  1.00272084 25238
SPACEWAY 2              
1 28903U 05046B   12278.38994057 -.00000137  00000-0  10000-3 0  3352
2 28903   0.0226 344.7896 0000199 236.8464 193.1185  1.00272141 25325
INSAT-4A                
1 28911U 05049A   12278.03849581  .00000000  00000-0  10000-3 0  3489
2 28911   0.0395  75.0995 0005802 155.6028 239.2468  1.00266820 23494
METEOSAT-9 (MSG-2)      
1 28912U 05049B   12278.11360880 -.00000014  00000-0  10000-3 0  2226
2 28912   0.4098 327.0911 0004456 153.2193 294.1721  1.00263327 24939
AMC-23                  
1 28924U 05052A   12278.59022213 -.00000015  00000-0  10000-3 0  2625
2 28924   0.0104 296.8089 0002811 242.2166 219.1646  1.00273817 24812
ECHOSTAR 10             
1 28935U 06003A   12279.21784400 -.00000065  00000-0  10000-3 0  4860
2 28935   0.0576  22.6702 0001726 169.8633 150.0112  1.00272546 24348
MTSAT-2                 
1 28937U 06004A   12278.52983521 -.00000253  00000-0  10000-3 0  2510
2 28937   0.0591 262.1951 0002473 305.1498 142.0238  1.00270155 24319
SPAINSAT                
1 28945U 06007A   12279.17049389 -.00000225  00000-0  00000+0 0  9150
2 28945   0.0273 233.4886 0006230 331.7695 200.4042  1.00272417 24092
EUTELSAT 9A             
1 28946U 06007B   12277.80990450  .00000051  00000-0  10000-3 0  9772
2 28946   0.0591  56.0839 0005082 161.6841  95.7016  1.00273348 24124
JCSAT-5A                
1 29045U 06010A   12278.52640390 -.00000338  00000-0  10000-3 0   345
2 29045   0.0235 279.6385 0001681 295.5125 120.0268  1.00271641 23777
ASTRA 1KR               
1 29055U 06012A   12272.00000000  .00000094  00000-0  00000+0 0  5295
2 29055   0.0800 246.2820 0004987 327.4610 172.6430  1.00273127 23636
GOES 13                 
1 29155U 06018A   12278.39054278 -.00000259  00000-0  10000-3 0  2461
2 29155   0.1109 118.1189 0002987  29.2459 291.8211  1.00264916 23346
SATMEX 6                
1 29162U 06020A   12278.52186413 -.00000048  00000-0  10000-3 0  9636
2 29162   0.0118 111.0668 0002396  79.2929 258.1492  1.00272503 23302
THAICOM 5               
1 29163U 06020B   12277.68574596 -.00000133  00000-0  10000-3 0  2690
2 29163   0.0510 262.3224 0005332 308.7955 127.0617  1.00272283 23352
GALAXY 16 (G-16)        
1 29236U 06023A   12278.38994057 -.00000137  00000-0  10000-3 0  2975
2 29236   0.0024 209.5869 0003091 332.2584 233.0276  1.00272470 23099
EUTELSAT HOT BIRD 13B   
1 29270U 06032A   12279.03604747  .00000078  00000-0  10000-3 0  8968
2 29270   0.0813 286.7788 0003369 276.8411 196.5129  1.00274479 22708
JCSAT-3A                
1 29272U 06033A   12279.21870330 -.00000354  00000-0  10000-3 0   885
2 29272   0.0148 279.4832 0002879 270.1799  31.3671  1.00269462 22592
SYRACUSE 3B             
1 29273U 06033B   12278.34996501 -.00000053  00000-0  10000-3 0    86
2 29273   0.0314 104.1428 0004346  76.5718 313.5317  1.00273028 22576
KOREASAT 5 (MUGUNGWHA 5)
1 29349U 06034A   12279.23131951 -.00000367  00000-0  10000-3 0  1146
2 29349   0.0046 130.4161 0001920  87.3190 352.9091  1.00270654 22474
ZHONGXING-22A           
1 29398U 06038A   12278.81387922 -.00000332  00000-0  00000+0 0  7916
2 29398   2.4888  70.9126 0003405 111.0415 228.2438  1.00272564 22261
DIRECTV 9S              
1 29494U 06043A   12277.69639544  .00000000  00000-0  10000-3 0  1947
2 29494   0.0246 123.4054 0003937  58.7172 340.2799  1.00267732 21930
OPTUS D1                
1 29495U 06043B   12277.79908749  .00000000  00000-0  10000-3 0   584
2 29495   0.0507  74.5343 0003678 112.3456 273.6844  1.00267800 21972
XM-4 (BLUES)            
1 29520U 06049A   12276.38451464 -.00000036  00000-0  10000-3 0  9365
2 29520   0.0140 298.8359 0000466 174.4748 281.3711  1.00272126 21816
BADR-4                  
1 29526U 06051A   12278.80684080  .00000135  00000-0  10000-3 0   512
2 29526   0.0587 323.2049 0003742 272.3458  94.7953  1.00273302 21712
FENGYUN 2D              
1 29640U 06053A   12278.69221491 -.00000208  00000-0  10000-3 0  5237
2 29640   2.5998  73.6603 0001515  78.7386 197.2941  1.00269778 21389
WILDBLUE-1              
1 29643U 06054A   12278.54845271  .00000000  00000-0  10000-3 0  8156
2 29643   0.0305  56.0404 0001516 107.6613 296.2421  1.00269479 21377
AMC-18                  
1 29644U 06054B   12278.47015797 -.00000100  00000-0  10000-3 0  1910
2 29644   0.0089 159.0846 0002661   9.4951 269.3060  1.00272156 21384
MEASAT-3                
1 29648U 06056A   12276.66693868 -.00000254  00000-0  00000+0 0  8930
2 29648   0.0301 105.6987 0002761  72.6379 165.0461  1.00270587 21377
KIKU-8 (ETS-VIII)       
1 29656U 06059A   12278.25199727 -.00000247  00000-0  10000-3 0   292
2 29656   2.2159  72.0351 0005560  99.9614  77.8268  1.00270102 21285
INSAT-4B                
1 30793U 07007A   12278.82503785 -.00000268  00000-0  10000-3 0   367
2 30793   0.0146 154.4525 0004722 347.3610 262.6317  1.00273009 20416
SKYNET 5A               
1 30794U 07007B   12278.11374601  .00000030  00000-0  10000-3 0  9289
2 30794   0.0731 356.3306 0003438 193.3526 230.4680  1.00272523 20567
ANIK F3                 
1 31102U 07009A   12278.43066242 -.00000011  00000-0  10000-3 0   415
2 31102   0.0290 210.4219 0002100 334.7131 224.7201  1.00272171 20162
ASTRA 1L                
1 31306U 07016A   12272.00000000  .00000094  00000-0  00000+0 0  4909
2 31306   0.0770 270.3640 0002851 330.3020 145.7270  1.00273760 19842
GALAXY 17 (G-17)        
1 31307U 07016B   12277.50586984 -.00000186  00000-0  00000+0 0    99
2 31307   0.0279 323.0729 0004156 225.4572 275.2158  1.00273566 19890
EUTELSAT 3A             
1 31577U 07021A   12278.80628433  .00000012  00000-0  00000+0 0  5254
2 31577   0.0189 149.2673 0003056 111.0946  47.0426  1.00272582 19607
ZHONGXING-6B            
1 31800U 07031A   12277.78543397 -.00000372  00000-0  10000-3 0  5014
2 31800   0.0094   1.2913 0002361 188.3780 221.5285  1.00270029 19297
DIRECTV 10              
1 31862U 07032A   12277.41332525 -.00000115  00000-0  10000-3 0  9987
2 31862   0.0252 326.8919 0000199  51.9168  39.6988  1.00271732 19228
SPACEWAY 3              
1 32018U 07036A   12278.39004729 -.00000162  00000-0  10000-3 0  9213
2 32018   0.0376   5.1815 0000178  87.8537 325.9082  1.00271711 18958
BSAT-3A                 
1 32019U 07036B   12278.56310031 -.00000360  00000-0  10000-3 0  8230
2 32019   0.0690 109.5988 0004733  56.5303 160.1103  1.00271315 18888
INSAT-4CR               
1 32050U 07037A   12278.10822441  .00000000  00000-0  10000-3 0   275
2 32050   0.0595 104.2600 0001891  73.7709 308.1117  1.00267855 18673
OPTUS D2                
1 32252U 07044A   12278.64664279 -.00000193  00000-0  10000-3 0   284
2 32252   0.0526  87.5434 0003606 105.1749 205.8280  1.00272677 18367
INTELSAT 11 (IS-11)     
1 32253U 07044B   12278.22179766 -.00000279  00000-0  00000+0 0  7479
2 32253   0.0154 232.6526 0002413 331.9035 205.6158  1.00272702 18352
STAR ONE C1             
1 32293U 07056A   12277.33110225 -.00000288  00000-0  10000-3 0  8276
2 32293   0.0360 241.1304 0002210 342.1066 203.4101  1.00271246 17970
SKYNET 5B               
1 32294U 07056B   12277.74866441  .00000000  00000-0  10000-3 0  9407
2 32294   0.0703 349.4715 0004274 199.6839 145.9982  1.00270613 17115
ASTRA 4A (SIRIUS 4)     
1 32299U 07057A   12277.29415706  .00000000  00000-0  10000-3 0  8204
2 32299   0.0432  90.6151 0002551 102.7005 289.8691  1.00272128 17921
RADUGA-1M 1             
1 32373U 07058A   12278.93643061 -.00000053  00000-0  10000-3 0  3863
2 32373   0.0136 161.4225 0002593  41.6834 218.2276  1.00283921 18560
HORIZONS-2              
1 32388U 07063B   12278.69296818 -.00000193  00000-0  10000-3 0  8569
2 32388   0.0117 298.3071 0002623 262.0285 147.7765  1.00272354 17709
THURAYA-3               
1 32404U 08001A   12278.52556538 -.00000314  00000-0  10000-3 0  9163
2 32404   4.8070 339.6616 0005227 213.6354 108.1622  1.00272322 17353
EXPRESS-AM33            
1 32478U 08003A   12278.59938502 -.00000291  00000-0  10000-3 0  3223
2 32478   0.0465 313.0252 0000830   5.5898   7.3679  1.00271938 17464
THOR 5                  
1 32487U 08006A   12278.80619285 -.00000018  00000-0  10000-3 0  8619
2 32487   0.0162 228.3251 0002132 310.4342 124.6243  1.00273415 17017
KIZUNA (WINDS)          
1 32500U 08007A   12278.52669358 -.00000268  00000-0  10000-3 0  7921
2 32500   0.0261 279.1212 0002215 273.3488 153.7607  1.00271577 16949
AMC-14                  
1 32708U 08011A   12276.07781536  .00000156  00000-0  10000-3 0    04
2 32708  15.7206  92.3810 0049051   3.5515 337.7309  1.00271638 17967
DIRECTV 11              
1 32729U 08013A   12278.22198823 -.00000136  00000-0  00000+0 0  9552
2 32729   0.0323  15.4018 0000293 204.5313 134.0745  1.00271964 16757
ICO G1                  
1 32763U 08016A   12279.12189547 -.00000182  00000-0  10000-3 0  9057
2 32763   4.5981 338.4719 0003492 215.6447 131.1386  1.00272673 16426
VINASAT-1               
1 32767U 08018A   12277.53020706 -.00000340  00000-0  10000-3 0  8401
2 32767   0.0270 292.1487 0002167 273.2701 130.0377  1.00271077 16426
STAR ONE C2             
1 32768U 08018B   12277.43689015  .00000000  00000-0  10000-3 0  8148
2 32768   0.0435  68.3341 0002381 166.3361 225.1050  1.00265337 16486
TIANLIAN I (CTDRS-1)    
1 32779U 08019A   12278.03254414 -.00000118  00000-0  10000-3 0  3011
2 32779   0.1349 274.1314 0009042 260.3044 287.4753  1.00271637 16294
AMOS-3                  
1 32794U 08022A   12278.94421207 -.00000044  00000-0  10000-3 0  6547
2 32794   0.0246 240.6302 0002619 323.1681 146.1452  1.00272274 16272
GALAXY 18 (G-18)        
1 32951U 08024A   12277.85910547  .00000000  00000-0  10000-3 0  7006
2 32951   0.0166 191.7964 0003347   3.1126   4.3854  1.00271838 16047
CHINASAT 9 (ZX 9)       
1 33051U 08028A   12278.82582631 -.00000258  00000-0  10000-3 0  2741
2 33051   0.0060 255.2706 0006112 287.3120 220.8504  1.00273276 15869
SKYNET 5C               
1 33055U 08030A   12277.11477368 -.00000151  00000-0  10000-3 0  6554
2 33055   0.0743 353.2043 0003956 187.9848 214.5651  1.00271443 15844
TURKSAT 3A              
1 33056U 08030B   12278.55776670  .00000136  00000-0  10000-3 0  7263
2 33056   0.0126 231.6126 0004292 297.3387  87.5184  1.00275535 15901
COSMOS 2440             
1 33108U 08033A   12277.91295750  .00000000  00000-0  10000-3 0   575
2 33108   1.4831  53.7155 0002802  40.1114 320.3052  1.00258250 15636
INTELSAT 25 (IS-25)     
1 33153U 08034A   12277.24298098 -.00000236  00000-0  10000-3 0  7388
2 33153   0.0328 324.1574 0003210 206.3361 257.8348  1.00271102 15561
BADR-6                  
1 33154U 08034B   12277.81032376  .00000134  00000-0  10000-3 0  7394
2 33154   0.0703  15.8843 0002253 141.7612 173.0158  1.00276196 15587
ECHOSTAR 11             
1 33207U 08035A   12279.21784410 -.00000066  00000-0  10000-3 0  9233
2 33207   0.0037 298.2170 0002738 259.2476 145.2803  1.00272938 15484
SUPERBIRD-C2            
1 33274U 08038A   12278.64293065  .00000000  00000-0  10000-3 0  9133
2 33274   0.0016 339.0389 0001001 272.0805 138.0035  1.00266918 15211
AMC-21                  
1 33275U 08038B   12278.50907093  .00000026  00000-0  10000-3 0  8500
2 33275   0.0215 325.7054 0002243 215.7959 250.4884  1.00273964 15307
INMARSAT 4-F3           
1 33278U 08039A   12278.18996088  .00000000  00000-0  10000-3 0  8692
2 33278   3.0063 344.2464 0003319 198.7432 161.0293  1.00266940 15156
NIMIQ 4                 
1 33373U 08044A   12278.39036745 -.00000231  00000-0  10000-3 0  6574
2 33373   0.0010  85.0568 0002352 113.3880 233.5843  1.00273198 14846
GALAXY 19 (G-19)        
1 33376U 08045A   12278.23940652  .00000000  00000-0  10000-3 0  7600
2 33376   0.0105  58.8005 0003292 114.9245 188.7134  1.00266586 14784
VENESAT-1               
1 33414U 08055A   12278.39046655 -.00000248  00000-0  10000-3 0  1026
2 33414   0.0244 308.4279 0001373 248.2637 239.3580  1.00274734 14492
ASTRA 1M                
1 33436U 08057A   12272.00000000  .00000094  00000-0  00000+0 0   749
2 33436   0.0430 140.4150 0005168  39.8550 206.0850  1.00271869 14306
CIEL-2                  
1 33453U 08063A   12278.38092450  .00000047  00000-0  10000-3 0  7102
2 33453   0.0020 269.6282 0003026 259.1611 213.0024  1.00274640 14004
EUTELSAT HOT BIRD 13C   
1 33459U 08065A   12279.07377618  .00000078  00000-0  00000+0 0  6714
2 33459   0.0499 279.1158 0005190 243.2509 251.3734  1.00273118 14082
EUTELSAT 48B            
1 33460U 08065B   12278.16768019  .00000140  00000-0  00000+0 0  5779
2 33460   0.0667  25.3820 0002829 319.3258 117.4460  1.00275842 13937
FENGYUN 2E              
1 33463U 08066A   12278.81205722 -.00000339  00000-0  10000-3 0   324
2 33463   0.8328  33.2592 0002162 216.9068 160.5034  1.00269550 13932
EXPRESS-AM44            
1 33595U 09007A   12279.18846046 -.00000098  00000-0  10000-3 0    71
2 33595   0.0443 330.7709 0001320 302.4462 157.9153  1.00272543 13407
EXPRESS-MD1             
1 33596U 09007B   12277.86816615 -.00000148  00000-0  10000-3 0   430
2 33596   0.0092 209.1428 0002696 339.8030 216.6753  1.00272463 13429
NSS-9                   
1 33749U 09008A   12278.64073145  .00000000  00000-0  10000-3 0  7401
2 33749   0.0147 346.9600 0002261 200.9728 239.4811  1.00271744 13397
EUTELSAT 3C             
1 33750U 09008B   12278.05505373  .00000010  00000-0  10000-3 0  8267
2 33750   0.0703 352.3938 0004573 191.0928 212.6144  1.00274214 13423
TELSTAR 11N             
1 34111U 09009A   12279.21793311 -.00000260  00000-0  10000-3 0  6615
2 34111   0.0099 225.4651 0002237 335.2964 214.4544  1.00272685 13257
RADUGA-1 8              
1 34264U 09010A   12277.80996550  .00000070  00000-0  10000-3 0   206
2 34264   2.2177  96.2197 0002373 114.5394 105.3590  1.00270217 13160
EUTELSAT 10A            
1 34710U 09016A   12277.85157948  .00000000  00000-0  10000-3 0  6932
2 34710   0.0631 346.7988 0004460 207.6552 135.0898  1.00271716 12881
BEIDOU G2               
1 34779U 09018A   12276.11044521  .00000111  00000-0  00000+0 0  7848
2 34779   2.0072  70.5358 0055659 164.7374 195.8942  1.00273565 12890
SICRAL 1B               
1 34810U 09020A   12275.81761021  .00000065  00000-0  10000-3 0  6587
2 34810   0.0761  65.3197 0002593 239.9646  11.7623  1.00273902 12727
SES-7 (PROTOSTAR 2)     
1 34941U 09027A   12277.90832341  .00000000  00000-0  10000-3 0  7169
2 34941   0.0775  72.9658 0005657 151.4845 223.7595  1.00271657 10340
MEASAT-3A               
1 35362U 09032A   12278.21777222  .00000000  00000-0  10000-3 0  4521
2 35362   0.0114 135.3952 0002263  45.0789   2.7379  1.00265749 11814
GOES 14                 
1 35491U 09033A   12278.51725829 -.00000149  00000-0  10000-3 0  6565
2 35491   0.3494 261.0168 0009458  66.7770 129.1189  1.00521856 12010
SIRIUS FM-5             
1 35493U 09034A   12278.06998913 -.00000156  00000-0  10000-3 0  5482
2 35493   0.0082 242.6217 0001512 106.3639 313.3943  1.00272529 11980
TERRESTAR-1             
1 35496U 09035A   12278.23252573 -.00000070  00000-0  10000-3 0  7263
2 35496   4.4854 324.3145 0003699 226.7049 155.0243  1.00273332 12007
ASIASAT 5               
1 35696U 09042A   12278.03085218 -.00000318  00000-0  10000-3 0  8942
2 35696   0.0197 301.9720 0001540 221.3124 321.4582  1.00271577 11530
JCSAT-RA (JCSAT-12)     
1 35755U 09044A   12279.21968679 -.00000355  00000-0  10000-3 0  5759
2 35755   0.0658  29.9003 0002844 138.8903  52.5033  1.00268672 11494
OPTUS D3                
1 35756U 09044B   12278.52703661 -.00000157  00000-0  10000-3 0  5818
2 35756   0.0811  18.8182 0002692 177.4390 163.1160  1.00272575 11465
PALAPA D                
1 35812U 09046A   12278.00422899  .00000000  00000-0  10000-3 0  6083
2 35812   0.0273  73.5649 0001997 160.9290 253.0702  1.00265593 10225
NIMIQ 5                 
1 35873U 09050A   12278.43731044 -.00000267  00000-0  10000-3 0  5970
2 35873   0.0199 113.9634 0002596  89.8263 254.4752  1.00271712 11194
AMAZONAS 2              
1 35942U 09054A   12278.39087057 -.00000293  00000-0  10000-3 0  5388
2 35942   0.0342 141.1841 0004427  26.3267 285.7170  1.00273053 11044
COMSATBW-1              
1 35943U 09054B   12278.34287576  .00000000  00000-0  10000-3 0  5758
2 35943   0.0069 181.3366 0003244  81.3708 297.2219  1.00272974  9732
NSS-12                  
1 36032U 09058A   12276.74251928  .00000058  00000-0  10000-3 0  5524
2 36032   0.0306  78.4039 0002805 114.4897 143.2911  1.00274239 10757
THOR 6                  
1 36033U 09058B   12279.09583449 -.00000019  00000-0  00000+0 0  6122
2 36033   0.0067 175.7929 0001710 356.0883 235.9846  1.00273830 10802
INTELSAT 14 (IS-14)     
1 36097U 09064A   12277.33155962 -.00000285  00000-0  00000+0 0  4537
2 36097   0.0072 302.2284 0001993 250.8945 253.6822  1.00270269 10525
EUTELSAT 36B            
1 36101U 09065A   12279.05947497  .00000146  00000-0  10000-3 0  6180
2 36101   0.0701 349.9563 0003961 204.5632 236.9321  1.00273496 10640
INTELSAT 15 (IS-15)     
1 36106U 09067A   12277.90650760 -.00000196  00000-0  10000-3 0  6303
2 36106   0.0443  44.2007 0002408 147.9170 232.3946  1.00272700 10424
DIRECTV 12              
1 36131U 09075A   12278.51725829 -.00000114  00000-0  10000-3 0  7724
2 36131   0.0383 349.2809 0000467 256.8879 210.8985  1.00272820 10216
BEIDOU G1               
1 36287U 10001A   12278.52660211 -.00000293  00000-0  10000-3 0  7785
2 36287   1.6174   5.6917 0004468 173.2852 164.2345  1.00269809 10006
RADUGA-1M 2             
1 36358U 10002A   12278.37605012  .00000000  00000-0  10000-3 0  7916
2 36358   0.0188 267.6680 0003371 304.4884  21.6283  1.00265357  9813
SDO                     
1 36395U 10005A   12278.22114638 -.00000058  00000-0  10000-3 0  5858
2 36395  27.8238 172.0142 0001541 305.9176 232.7259  1.00276286  9884
INTELSAT 16 (IS-16)     
1 36397U 10006A   12279.23626302 -.00000294  00000-0  10000-3 0  5301
2 36397   0.0231 274.3851 0002588 278.3503 208.5453  1.00271299  9688
GOES 15                 
1 36411U 10008A   12278.53944718  .00000080  00000-0  10000-3 0  2541
2 36411   0.3482 262.0592 0002687 279.9433 250.4348  1.00271269  9519
ECHOSTAR 14             
1 36499U 10010A   12278.40640238 -.00000010  00000-0  10000-3 0  6746
2 36499   0.0105 229.2878 0002733 319.2322 212.4010  1.00272674  9361
SES-1                   
1 36516U 10016A   12278.38989483 -.00000125  00000-0  10000-3 0  5697
2 36516   0.0157  59.3973 0001936 142.7544 210.7050  1.00272326  8969
ASTRA 3B                
1 36581U 10021A   12277.81025516  .00000126  00000-0  00000+0 0  4201
2 36581   0.0414 315.7908 0003542 222.4253 149.8728  1.00273350  8795
COMSATBW-2              
1 36582U 10021B   12278.80652064  .00000078  00000-0  10000-3 0  5219
2 36582   0.0479  87.3534 0002125 127.9223 102.1751  1.00271158  8811
BEIDOU G3               
1 36590U 10024A   12278.69296818 -.00000187  00000-0  10000-3 0  6188
2 36590   1.2104   8.1421 0003421 148.0082 191.0933  1.00274992  8606
BADR-5                  
1 36592U 10025A   12277.81032376  .00000134  00000-0  10000-3 0  3943
2 36592   0.0122 206.1003 0005496 339.4744 145.0738  1.00275150  8739
COMS 1                  
1 36744U 10032A   12276.88265973 -.00000357  00000-0  10000-3 0  4553
2 36744   0.0413  79.1833 0000930  95.5027 283.2975  1.00270983  8469
ARABSAT-5A              
1 36745U 10032B   12277.86100528  .00000143  00000-0  10000-3 0  4144
2 36745   0.0615 359.7301 0003450 189.6865 163.9693  1.00271279  8499
ECHOSTAR 15             
1 36792U 10034A   12278.39084007 -.00000292  00000-0  10000-3 0  4865
2 36792   0.0361 357.7773 0002431 198.3601 256.4291  1.00272443  8220
BEIDOU IGSO 1           
1 36828U 10036A   12278.97234166 -.00000151  00000-0  10000-3 0  5678
2 36828  54.6706 210.5599 0028081 192.2165  77.6377  1.00247030  8049
NILESAT 201             
1 36830U 10037A   12277.11504810 -.00000069  00000-0  00000-0 0  4137
2 36830   0.0393 181.5239 0006291 355.2933 229.8207  1.00272209  8106
RASCOM-QAF 1R           
1 36831U 10037B   12277.35388319  .00000007  00000-0  10000-3 0  3895
2 36831   0.0312 192.0232 0004564  15.7958 294.9179  1.00273051  8101
CHINASAT 6A (ZX 6A)     
1 37150U 10042A   12278.73284112 -.00000363  00000-0  10000-3 0  6007
2 37150   0.0460 111.4500 0002258 239.0638  52.1691  1.00272301  7768
XM-5                    
1 37185U 10053A   12278.07617346 -.00000216  00000-0  10000-3 0  4907
2 37185   0.0043  65.7756 0001897  97.2188 152.3784  1.00272070  7274
BSAT-3B                 
1 37207U 10056B   12277.87097619  .00000000  00000-0  10000-3 0  4413
2 37207   0.4517  73.8615 0001368  46.8996 315.3456  1.00265404952632
BEIDOU G4               
1 37210U 10057A   12279.18469987 -.00000122  00000-0  00000+0 0  5226
2 37210   0.5609 329.3134 0006531 159.0684 112.2945  1.00270884  7133
SKYTERRA 1              
1 37218U 10061A   12279.23849240 -.00000132  00000-0  10000-3 0  5056
2 37218   5.2480 321.2933 0009564 182.8391 214.7513  1.00273167  7064
ZHONGXING-20A           
1 37234U 10064A   12278.26325541  .00000000  00000-0  10000-3 0  5145
2 37234   0.0158 287.9027 0001464 316.0541 354.1549  1.00266136  6872
HYLAS 1                 
1 37237U 10065A   12279.16092566 -.00000243  00000-0  10000-3 0  4090
2 37237   0.0371  19.1120 0001757 188.6155 190.9777  1.00271617  6846
INTELSAT 17 (IS-17)     
1 37238U 10065B   12278.33417310  .00000000  00000-0  10000-3 0  3456
2 37238   0.0036 161.6144 0003285  23.2598  14.8840  1.00269983  6867
BEIDOU IGSO 2           
1 37256U 10068A   12278.43175293 -.00000228  00000-0  10000-3 0  4657
2 37256  54.8440 331.0127 0021746 188.6245 129.7175  1.00263596  6629
EUTELSAT KA-SAT 9A      
1 37258U 10069A   12278.02172157  .00000052  00000-0  00000+0 0  4065
2 37258   0.0443 299.3979 0002195 174.8480 275.7373  1.00273455  6642
HISPASAT 1E             
1 37264U 10070A   12279.17049389 -.00000225  00000-0  00000+0 0  3995
2 37264   0.0423 116.4029 0005173  54.0189 235.2462  1.00272680  6500
KOREASAT 6              
1 37265U 10070B   12277.84402728 -.00000373  00000-0  10000-3 0  3414
2 37265   0.0224 260.1766 0000855 356.5130 176.1700  1.00272208  6518
ELEKTRO-L 1 (GOMS 2)    
1 37344U 11001A   12278.73297670 -.00000107  00000-0  10000-3 0  4443
2 37344   0.0630 312.8434 0002318 224.1739 176.6680  1.00273062  6303
BEIDOU IGSO 3           
1 37384U 11013A   12279.26380226 -.00000121  00000-0  10000-3 0  3860
2 37384  55.8471  90.9339 0025681 172.4526 327.5036  1.00272811  5518
INTELSAT NEW DAWN       
1 37392U 11016A   12279.01795080  .00000146  00000-0  10000-3 0  3128
2 37392   0.0041 226.6239 0000771 346.9776 199.7961  1.00273913  5371
YAHSAT 1A               
1 37393U 11016B   12277.87396023  .00000000  00000-0  10000-3 0  4114
2 37393   0.0099  30.8337 0000014 224.4022 124.8945  1.00272092  3919
TELSTAR 14R             
1 37602U 11021A   12278.14019483 -.00000290  00000-0  10000-3 0  2824
2 37602   0.0176  27.1026 0002412 163.3975 170.2116  1.00271718  5713
GSAT-8                  
1 37605U 11022A   12278.16812446  .00000074  00000-0  10000-3 0  3088
2 37605   0.0566  85.7994 0006187 157.4321 245.6288  1.00272511  5073
ST-2                    
1 37606U 11022B   12279.05304019 -.00000220  00000-0  10000-3 0  3174
2 37606   0.0073 271.9219 0002083 274.7864 294.5250  1.00269655  5091
CHINASAT 10 (ZX 10)     
1 37677U 11026A   12278.56310031 -.00000362  00000-0  10000-3 0  3629
2 37677   0.0466 326.1068 0003519 208.0404 152.7207  1.00268691  4810
TIANLIAN 1-02           
1 37737U 11032A   12279.26679622  .00000021  00000-0  10000-3 0  3435
2 37737   0.0755 280.5053 0002397 291.5966  75.0789  1.00269729  4554
GSAT-12                 
1 37746U 11034A   12278.52519948 -.00000175  00000-0  10000-3 0  2866
2 37746   0.0640  72.7554 0004810  12.4895 200.4793  1.00271778  4799
SES-3                   
1 37748U 11035A   12278.25039572 -.00000112  00000-0  00000+0 0  3103
2 37748   0.0553  20.8823 0002118 146.1778 193.3337  1.00272753  4520
KAZSAT-2                
1 37749U 11035B   12278.69221491 -.00000207  00000-0  10000-3 0  2474
2 37749   0.0444 337.5790 0000372 298.2910  73.5795  1.00270245  4585
BEIDOU IGSO 4           
1 37763U 11038A   12277.80692350 -.00000095  00000-0  10000-3 0  2409
2 37763  54.9908 212.6857 0021489 186.1614 358.3249  1.00290412  4462
ASTRA 1N                
1 37775U 11041A   12272.00000000  .00000124  00000-0  00000+0 0  2337
2 37775   0.0170 305.0330 0002196 169.2250 281.1220  1.00269742  4232
BSAT-3C (JCSAT-110R)    
1 37776U 11041B   12278.14108852  .00000000  00000-0  10000-3 0  2803
2 37776   0.0154 124.5925 0000412  81.3955 327.9456  1.00263777   692
PAKSAT-1R               
1 37779U 11042A   12278.11448543  .00000143  00000-0  10000-3 0  2176
2 37779   0.0341  11.4762 0002007 187.8457 253.1079  1.00274656  4296
CHINASAT 1A (ZX 1A)     
1 37804U 11047A   12278.58826966 -.00000347  00000-0  00000+0 0  2868
2 37804   0.0823  95.2954 0001691 317.2759 302.7425  1.00272620  3929
COSMOS 2473             
1 37806U 11048A   12277.86816615 -.00000146  00000-0  10000-3 0  2751
2 37806   0.0401  93.3913 0002465 172.0176 140.0466  1.00272169  3899
SES-2                   
1 37809U 11049A   12277.06567015 -.00000208  00000-0  10000-3 0  2113
2 37809   0.0391   8.3431 0002521 179.6128 120.8820  1.00272756  3830
ARABSAT-5C              
1 37810U 11049B   12277.84202100  .00000000  00000-0  10000-3 0  1761
2 37810   0.0639 351.6141 0004951 183.2699 161.1931  1.00271472  3871
EUTELSAT 7 WEST A       
1 37816U 11051A   12278.30399002 -.00000070  00000-0  10000-3 0  2736
2 37816   0.0693 326.2546 0006659 214.4594 294.8243  1.00272764  3798
QUETZSAT 1              
1 37826U 11054A   12277.75103997  .00000000  00000-0  10000-3 0  2488
2 37826   0.0046 305.6646 0001942 207.7130  62.6267  1.00262845  3914
INTELSAT 18 (IS-18)     
1 37834U 11056A   12278.33855252  .00000043  00000-0  10000-3 0  2074
2 37834   0.0161 258.8282 0001998 256.3429 160.1748  1.00273783  3784
EUTELSAT 16A            
1 37836U 11057A   12278.10533778  .00000094  00000-0  10000-3 0  2210
2 37836   0.0659 356.6882 0004162 194.2630 236.2076  1.00275872  3657
VIASAT-1                
1 37843U 11059A   12279.03445544 -.00000034  00000-0  10000-3 0  2053
2 37843   0.0099 195.9636 0002521 341.5954  93.8927  1.00273477  4109
ASIASAT 7               
1 37933U 11069A   12278.81205722 -.00000344  00000-0  10000-3 0  2370
2 37933   0.0196 211.6509 0001267 350.8551 209.3481  1.00273044  3304
BEIDOU IGSO 5           
1 37948U 11073A   12278.92298213 -.00000168  00000-0  10000-3 0  2150
2 37948  54.9682 330.4103 0022782 183.6418 286.5724  1.00285144  3230
AMOS-5                  
1 37950U 11074A   12276.84488707  .00000097  00000-0  10000-3 0  1397
2 37950   0.0286 281.3137 0000366  94.0795 317.7153  1.00272115  3140
LUCH 5A                 
1 37951U 11074B   12279.26367788 -.00000280  00000-0  00000+0 0  2001
2 37951   4.2506 264.1593 0005005 338.7842 321.2078  1.00271971  3014
NIGCOMSAT 1R            
1 38014U 11077A   12278.00235272  .00000134  00000-0  10000-3 0  1605
2 38014   0.0237 324.6791 0001764 163.6980 288.0734  1.00273845  2984
FENGYUN 2F              
1 38049U 12002A   12278.59915759 -.00000368  00000-0  10000-3 0  1971
2 38049   1.8270 277.6082 0003881 249.0196 174.8410  1.00272297  2723
SES-4                   
1 38087U 12007A   12277.13183101 -.00000180  00000-0  10000-3 0  1438
2 38087   0.0319 271.3274 0001881 278.1341 208.2531  1.00271975  2387
BEIDOU G5               
1 38091U 12008A   12278.64601098  .00000000  00000-0  10000-3 0  1745
2 38091   1.5064 305.6869 0001789 241.1141 118.1023  1.00267150  2331
INTELSAT 22 (IS-22)     
1 38098U 12011A   12278.14793844  .00000000  00000-0  10000-3 0  1146
2 38098   0.0353 102.7995 0003217  73.4957 322.3312  1.00269133  2005
COSMOS 2479             
1 38101U 12012A   12279.23384488 -.00000112  00000-0  10000-3 0  1441
2 38101   1.8980 286.4565 0008030 274.0364  53.2806  1.00524666  1896
APSTAR 7                
1 38107U 12013A   12278.73573620 -.00000112  00000-0  10000-3 0  1271
2 38107   0.0396  69.7428 0002620 127.4496 158.0165  1.00272525  1997
YAHSAT 1B               
1 38245U 12016A   12278.30136462  .00000000  00000-0  10000-3 0  1027
2 38245   0.0240 136.4317 0000101 349.7034  43.3972  1.00272584956330
JCSAT-13                
1 38331U 12023A   12277.72782971  .00000000  00000-0  10000-3 0   993
2 38331   0.0126  11.9532 0002313 187.1965 199.6733  1.00265110   707
VINASAT-2               
1 38332U 12023B   12278.68934817 -.00000339  00000-0  10000-3 0   961
2 38332   0.0137 252.4199 0002257 317.9623 183.4114  1.00271660  1467
NIMIQ 6                 
1 38342U 12026A   12279.19178769 -.00000183  00000-0  00000+0 0  1073
2 38342   0.0411 106.4321 0001583 286.7140 319.0815  1.00273146  1428
CHINASAT 2A (ZX 2A)     
1 38352U 12028A   12279.25817280 -.00000303  00000-0  10000-3 0   989
2 38352   0.0796  74.9655 0002110 177.3325 313.2949  1.00271372  1479
INTELSAT 19 (IS-19)     
1 38356U 12030A   12277.41080419  .00000000  00000-0  10000-3 0   835
2 38356   0.0475 350.8623 0000061  78.3213 257.2181  1.00269784   914
ECHOSTAR 17             
1 38551U 12035A   12278.54955175 -.00000086  00000-0  00000+0 0   797
2 38551   0.0101 164.0544 0001843  59.5742 240.7603  1.00272626   950
MSG-3 (METEOSAT-10)     
1 38552U 12035B   12276.81342565 -.00000039  00000-0  10000-3 0   714
2 38552   1.6540 253.9662 0000486   8.3662  39.3197  1.00277135  1040
SES-5                   
1 38652U 12036A   12276.91619020  .00000022  00000-0  10000-3 0   799
2 38652   0.0571 264.4902 0001725 273.5014 168.8654  1.00273802   879
TIANLIAN 1-03           
1 38730U 12040A   12278.12981281  .00000095  00000-0  10000-3 0   506
2 38730   1.9415 273.1634 0003777 314.8855 208.6842  1.00272951   813
INTELSAT 20 (IS-20)     
1 38740U 12043A   12278.73552277 -.00000035  00000-0  00000+0 0   674
2 38740   0.0178 152.6683 0002024 343.2117 211.2558  1.00273379   657
HYLAS 2                 
1 38741U 12043B   12279.01971619  .00000145  00000-0  10000-3 0   465
2 38741   0.0392  70.3554 0002408 127.3641 214.4740  1.00272961   685
INTELSAT 21 (IS-21)     
1 38749U 12045A   12278.40225189 -.00000295  00000-0  10000-3 0   558
2 38749   0.0550 342.8697 0000742 336.5266 140.9445  1.00271106   528
