LES 9                   
1 08747U 76023B   13128.50883734 -.00000082  00000-0  00000+0 0  9201
2 08747  12.8927 111.9892 0022861  18.3791 175.5374  1.00276270 81664
GOES 3                  
1 10953U 78062A   13125.63794038 -.00000127  00000-0  10000-3 0  1967
2 10953  14.5196 347.2549 0006822  85.9162 274.1098  1.00280193 80899
ESIAFI 1 (COMSTAR 4)    
1 12309U 81018A   13120.16516996 -.00000165  00000-0  10000-3 0  6717
2 12309  14.7018 357.2257 0003839  40.0494 319.9357  1.00264674119360
SATCOM C5               
1 13631U 82105A   13127.71410196 -.00000120  00000-0  10000-3 0  1353
2 13631  14.4510  17.1357 0006245  16.9179 343.0435  1.00273114 78360
GSTAR 1                 
1 15677U 85035A   13126.76358192 -.00000115  00000-0  00000+0 0  6490
2 15677  13.3613  34.3075 0008340 335.6066  24.2744  1.00272581 77217
GSTAR 3                 
1 19483U 88081A   13126.48370781 -.00000128  00000-0  00000+0 0  9060
2 19483  15.6809   6.6100 0010750  59.4665 227.2289  1.00273282 86581
TDRS 3                  
1 19548U 88091B   13128.11124616 -.00000307  00000-0  00000+0 0   733
2 19548  14.1123  24.6106 0012672 349.9821 202.7969  1.00269434 77394
LEASAT 5                
1 20410U 90002B   13127.96116853 -.00000085  00000-0  00000+0 0  9006
2 20410  10.4965  24.8552 0001598  58.3126 200.7278  1.00272726 70682
COSMOS 2085             
1 20693U 90061A   13126.21413776 -.00000164  00000-0  10000-3 0  4171
2 20693  14.2504  21.0393 0005286  51.2606 308.7126  1.00268114 83479
SKYNET 4C               
1 20776U 90079A   13128.22185032 -.00000042  00000-0  10000-3 0  6252
2 20776  12.4328  32.1606 0003352  10.5713 262.0205  1.00273660 82936
INMARSAT 2-F1           
1 20918U 90093A   13128.44195191 -.00000123  00000-0  10000-3 0  4604
2 20918   9.4524  41.4941 0003735 284.2769  75.5579  0.98877358 78913
COSMOS 2133             
1 21111U 91010A   13127.98270334 -.00000112  00000-0  00000+0 0  6156
2 21111  13.6333  26.7557 0009058  44.7665 222.5076  1.00285631 81428
INMARSAT 2-F2           
1 21149U 91018A   13127.32371152  .00000089  00000-0  00000+0 0  5154
2 21149   8.8042  42.7766 0003455   7.5353 149.5284  1.00273868 81202
TDRS 5                  
1 21639U 91054B   13128.18894825  .00000085  00000-0  00000+0 0  2883
2 21639  12.6893  38.5255 0020355 355.9955  92.2497  1.00264811 79716
GORIZONT 27             
1 22245U 92082A   13127.71776909  .00000075  00000-0  00000+0 0  8963
2 22245  13.7458  29.1210 0009662 275.9820 232.6599  1.00147046 79179
COSMOS 2224             
1 22269U 92088A   13127.35674205  .00000120  00000-0  10000-3 0  9834
2 22269  12.9874  31.9405 0004137  76.0468 283.9126  1.00179086 74152
TDRS 6                  
1 22314U 93003B   13127.28045356 -.00000297  00000-0  00000+0 0  3097
2 22314  12.1113  41.3544 0011690 347.6248 251.0415  1.00263214 74429
ASTRA 1C                
1 22653U 93031A   13128.11251919 -.00000004  00000-0  00000+0 0   836
2 22653   5.8421  60.4903 0004125 349.5261 218.5480  1.00272657 68309
ACTS                    
1 22796U 93058B   13125.78366789 -.00000113  00000-0  10000-3 0  1573
2 22796  12.3046  40.6373 0018313 355.4055   4.4940  1.00271318 78874
INTELSAT 701 (IS-701)   
1 22871U 93066A   13127.44267267  .00000111  00000-0  00000+0 0  1518
2 22871   1.2049  76.3227 0006766 319.4540 198.5947  1.00478966 71446
SOLIDARIDAD 1           
1 22911U 93073A   13126.80479419 -.00000091  00000-0  10000-3 0  6781
2 22911  10.9188  45.9979 0005723  67.3920 292.5666  1.00276456 69890
NATO 4B                 
1 22921U 93076A   13125.18615000  .00000124  00000-0  00000+0 0  9035
2 22921  10.5515  38.3287 0002698  18.1645 269.2006  1.00275633 71107
INTELSAT 702 (IS-702)   
1 23124U 94034A   13128.04377513  .00000143  00000-0  00000+0 0  9455
2 23124   1.5565  75.2883 0003336 356.7619 202.7454  1.00274553 83362
APSTAR 1                
1 23185U 94043A   13129.52160086 -.00000103  00000-0  10000-3 0  3334
2 23185   7.5891  55.1229 0000447   8.8009 153.7690  1.00271894 68844
DIRECTV 2 (DBS 2)       
1 23192U 94047A   13126.33560476 -.00000224  00000-0  00000+0 0  1066
2 23192   5.7025  61.2927 0005919 256.7205 355.5749  0.98637238 78421
OPTUS B3                
1 23227U 94055A   13127.84300789 -.00000089  00000-0  00000+0 0  1946
2 23227   4.7251  63.2980 0004957 345.0421 284.9618  1.00272305 68449
NSS-703                 
1 23305U 94064A   13127.99112851 -.00000291  00000-0  00000+0 0  8470
2 23305   3.1975  68.2989 0003372 342.8125 124.6387  1.00272050 68172
SOLIDARIDAD 2           
1 23313U 94065A   13129.05741552 -.00000039  00000-0  00000+0 0  3559
2 23313   4.5271  63.9829 0004627 344.0354  84.9654  1.00273638 68057
ASTRA 1D                
1 23331U 94070A   13126.96971455  .00000135  00000-0  10000-3 0  5967
2 23331   4.9200  62.3768 0000753 310.3637 237.0089  1.00419817 68272
RADUGA 32               
1 23448U 94087A   13126.27240510 -.00000103  00000-0  10000-3 0  6225
2 23448  12.9565  35.9120 0005999 111.3301 248.6521  1.00283974 84917
BRASILSAT B2            
1 23536U 95016A   13128.12388130 -.00000284  00000-0  00000+0 0  8488
2 23536   4.5548  64.2297 0002118 353.2999 145.1766  1.00270852 66398
AMSC 1                  
1 23553U 95019A   13127.43491745 -.00000118  00000-0  00000+0 0  6787
2 23553   7.6969  55.1549 0004979  21.7063 201.8284  1.00272785 66193
INTELSAT 706 (IS-706)   
1 23571U 95023A   13126.81069913 -.00000153  00000-0  00000+0 0  7679
2 23571   1.4869  75.1035 0003311 345.7206 252.8294  1.00272609 65802
TDRS 7                  
1 23613U 95035B   13128.02324927 -.00000206  00000-0  00000+0 0  4578
2 23613  13.6252  32.0000 0033091 358.1168 289.1522  1.00270482 65238
TELSTAR 4 (TELSTAR 402R)
1 23670U 95049A   13127.79376497 -.00000150  00000-0  10000-3 0  4391
2 23670   8.4954  52.7276 0004438 349.5156  10.3456  1.00300331 64539
LUCH 1                  
1 23680U 95054A   13127.28399302 -.00000132  00000-0  10000-3 0  2547
2 23680  11.9781  45.1559 0010850  12.6740 347.1849  1.00274183 64384
ASTRA 1E                
1 23686U 95055A   13127.80481168 -.00000358  00000-0  00000+0 0  7443
2 23686   2.5292  71.8433 0002585 344.9137 207.0756  1.00272000 64340
ECHOSTAR 1              
1 23754U 95073A   13128.43148271 -.00000253  00000-0  10000-3 0  8826
2 23754   0.0147 265.5490 0002659 146.2047 252.8514  1.00272762 63432
AFRICASAT-1 (MEASAT-1)  
1 23765U 96002B   13126.86952664  .00000013  00000-0  00000+0 0  5998
2 23765   4.8970  62.8062 0017609  25.9632 112.7951  0.99517384 63390
ABS-1A                  
1 23768U 96003A   13127.91794120 -.00000100  00000-0  10000-3 0  8390
2 23768   5.6141  60.8118 0000969  51.3858 158.9659  1.00272551 63390
INMARSAT 3-F1           
1 23839U 96020A   13127.97483318 -.00000002  00000-0  10000-3 0  8175
2 23839   0.9965  73.9552 0005742 328.2334 239.2015  1.00272761 62613
ASTRA 1F                
1 23842U 96021A   13127.16219549  .00000070  00000-0  00000+0 0  8915
2 23842   0.0733  58.7999 0001380 339.6514 300.0028  1.00273772 62510
MSAT M1                 
1 23846U 96022A   13127.46697017 -.00000095  00000-0  00000+0 0  4692
2 23846   5.1256  62.0843 0005852 350.9857 233.9975  1.00271869 62431
PALAPA C2               
1 23864U 96030A   13128.55487111 -.00000208  00000-0  10000-3 0  7081
2 23864   2.6926  69.9901 0000654 292.4507 214.3628  1.00271909 62179
INTELSAT 709 (IS-709)   
1 23915U 96035A   13127.29522481 -.00000009  00000-0  10000-3 0  7598
2 23915   0.9138  76.9403 0003272 117.8973 165.1490  0.99180899 61895
APSTAR 1A               
1 23943U 96039A   13127.89399615  .00000089  00000-0  10000-3 0  1142
2 23943   6.9193  56.8894 0000340 340.0702 202.3705  1.00267567 61712
INMARSAT 3-F2           
1 24307U 96053A   13127.30176929 -.00000137  00000-0  00000+0 0  7034
2 24307   0.1040  59.8396 0006888 355.9255 262.6640  1.00272624 61026
ECHOSTAR 2              
1 24313U 96055A   13126.81293973 -.00000171  00000-0  10000-3 0  5746
2 24313   4.1618  64.9504 0006453 348.2576  11.5734  1.00197589 61059
AMC-1 (GE-1)            
1 24315U 96054A   13128.51592691 -.00000114  00000-0  10000-3 0   804
2 24315   0.0641  71.3055 0002890 337.8085 260.1084  1.00272193 61027
AFRICASAT-2 (MEASAT-2)  
1 24653U 96063B   13127.52493078 -.00000233  00000-0  00000+0 0  8689
2 24653   4.8335  62.9027 0003652  12.6902 126.8937  1.00271426 60417
EUTELSAT 48A            
1 24665U 96067A   13127.83583620  .00000109  00000-0  10000-3 0  7093
2 24665   3.5739  67.0675 0005397 348.8646 159.0021  1.00270753 60667
INMARSAT 3-F3           
1 24674U 96070A   13127.39840934  .00000026  00000-0  00000+0 0  7556
2 24674   0.3831  79.1876 0005966 333.4608 134.2713  1.00274659 59987
AMC-2 (GE-2)            
1 24713U 97002A   13127.35187926 -.00000173  00000-0  10000-3 0  6285
2 24713   1.3722  75.0547 0003908  21.3833 242.1543  0.99947352 10394
INTELSAT 26 (IS-26)     
1 24732U 97007A   13126.96928051  .00000096  00000-0  00000+0 0  4050
2 24732   4.7915  63.0762 0003295 355.4090 205.6839  1.00274596 59309
INTELSAT 801 (IS-801)   
1 24742U 97009A   13127.37016036 -.00000228  00000-0  00000+0 0  3204
2 24742   4.0212  65.6827 0004368 349.3359 274.1124  1.00272569 59312
DFH 3-2                 
1 24798U 97021A   13127.39441724  .00000117  00000-0  10000-3 0  1790
2 24798   8.2321  53.5945 0014391   2.1971 357.6784  1.00189398 58571
GALAXY 25 (G-25)        
1 24812U 97026A   13128.42606841 -.00000175  00000-0  00000+0 0  6380
2 24812   0.0552  87.8595 0002858 316.8222 242.0181  1.00272413 58450
INMARSAT 3-F4           
1 24819U 97027A   13127.43547223 -.00000300  00000-0  00000+0 0  5756
2 24819   2.9337  68.1390 0005153 345.4444 274.6448  1.00271879 58406
SUPERBIRD-A3            
1 24880U 97036A   13127.86150701 -.00000268  00000-0  00000+0 0  4945
2 24880   3.9103  65.8933 0008920  26.3409 176.7811  1.00271442 57720
ABS-3 (AGILA 2)         
1 24901U 97042A   13128.29859329 -.00000039  00000-0  10000-3 0  8693
2 24901   1.9521  74.0329 0005660 332.0509 284.6240  1.00272323 57558
INTELSAT 5 (IS-5)       
1 24916U 97046A   13127.91734072 -.00000031  00000-0  10000-3 0  5406
2 24916   0.5059  79.3589 0000136 224.3474 321.3940  1.00218880 57619
METEOSAT-7              
1 24932U 97049B   13127.83616521  .00000047  00000-0  00000+0 0  6273
2 24932   8.3498  52.6325 0001264  54.3934 117.3413  1.00276049 57436
AMC-3 (GE-3)            
1 24936U 97050A   13127.45237096 -.00000287  00000-0  10000-3 0  5904
2 24936   0.0154 305.2285 0001275  59.7650 316.3015  1.00271305 57424
NSS-5                   
1 24957U 97053A   13127.70658145  .00000098  00000-0  00000+0 0  5791
2 24957   0.8153  78.0920 0003444 338.9202 113.5611  1.00275551 57224
ECHOSTAR 3              
1 25004U 97059A   13127.42831179 -.00000296  00000-0  10000-3 0  4661
2 25004   0.0419  46.5243 0001137   3.9748 267.3416  1.00271956 57129
INDOSTAR 1              
1 25050U 97071B   13127.96723616  .00000022  00000-0  00000+0 0  9566
2 25050   6.7695  57.3221 0004925   8.4222 211.6063  1.00185700 56748
JCSAT-1B                
1 25067U 97075A   13127.59100735 -.00000215  00000-0  10000-3 0  7982
2 25067   2.6976  69.8445 0004384 340.2773 178.2017  1.00269815 56541
ASTRA 1G                
1 25071U 97076A   13128.18318751  .00000142  00000-0  00000+0 0  3410
2 25071   0.0486 347.8024 0002815  70.2862 265.5051  1.00273993 56553
HGS-1 (ASIASAT 3)       
1 25126U 97086A   13126.87132155 -.00000106  00000-0  10000-3 0  7654
2 25126   4.8920  77.0736 0045633 281.1368  78.2287  1.00166139 57127
BRASILSAT B3            
1 25152U 98006A   13127.50192897 -.00000182  00000-0  10000-3 0  8482
2 25152   1.0575  79.0793 0003607 332.7294 262.3884  1.00270198 55940
INMARSAT 3-F5           
1 25153U 98006B   13128.10160938  .00000127  00000-0  00000+0 0  6011
2 25153   0.3070  20.8959 0004182  25.0781 241.3488  1.00267640 55915
EUTELSAT 16B            
1 25237U 98013A   13127.99352965  .00000090  00000-0  10000-3 0  6127
2 25237   1.3496  76.1067 0005386 338.8932 184.4316  1.00271793 55950
NSS-806                 
1 25239U 98014A   13127.32631094 -.00000276  00000-0  00000+0 0   902
2 25239   0.0422  61.7262 0003044 357.3747 243.1944  1.00272071 55706
COSMOS 2350             
1 25315U 98025A   13127.30715682 -.00000057  00000-0  10000-3 0  8329
2 25315  10.3743  45.6190 0010569  25.8361 334.1076  1.00266238 55032
CHINASAT 5A (ZX 5A)     
1 25354U 98033A   13127.86607044 -.00000220  00000-0  10000-3 0  7134
2 25354   0.1030  80.9317 0006118 335.2403 209.0071  1.00271046 59272
THOR III                
1 25358U 98035A   13127.05831096 -.00000052  00000-0  10000-3 0  2089
2 25358   2.6245  70.0050 0002211 331.0711 200.6585  1.00270666 54696
INTELSAT 805 (IS-805)   
1 25371U 98037A   13128.35793816 -.00000298  00000-0  10000-3 0  1246
2 25371   0.0604  74.8010 0003388 349.2130 235.7008  1.00272745 54556
CHINASAT 5B (ZX 5B)     
1 25404U 98044A   13127.89133153 -.00000280  00000-0  10000-3 0  2041
2 25404   1.4086  74.6538 0006915 359.9270 254.1684  1.00267425 54405
ST-1                    
1 25460U 98049A   13128.40294247 -.00000366  00000-0  10000-3 0  4764
2 25460   1.4686  74.9892 0004241 323.0299  98.2780  1.00267550 53875
ASTRA 2A                
1 25462U 98050A   13127.92697373  .00000137  00000-0  00000+0 0  6112
2 25462   0.0286 180.3767 0003445 262.8979 144.5649  1.00274819 53854
INTELSAT 7 (IS-7)       
1 25473U 98052A   13127.97588456 -.00000039  00000-0  10000-3 0  6108
2 25473   0.0778  79.1676 0003336 330.7899 235.9670  1.00272163 53636
SIRIUS 3                
1 25492U 98056B   13126.81385611  .00000091  00000-0  00000+0 0  2909
2 25492   3.7157  66.4840 0001003 351.4168 151.1112  1.00275409 53511
EUTELSAT 25A            
1 25495U 98057A   13128.11256493  .00000014  00000-0  10000-3 0  5265
2 25495   0.3439  75.8877 0003351 312.0547 242.6743  1.00272029 53438
AFRISTAR                
1 25515U 98063A   13127.67064678  .00000114  00000-0  00000+0 0  2440
2 25515   0.7747  76.8491 0004183 342.3366  68.8959  1.00274783 53211
AMC-5 (GE-5)            
1 25516U 98063B   13128.20223547 -.00000238  00000-0  00000+0 0  2227
2 25516   2.4791  71.2283 0005216 353.3568 153.4830  1.00272898 53250
INTELSAT 8 (IS-8)       
1 25522U 98065A   13127.69603962 -.00000044  00000-0  00000+0 0  4037
2 25522   0.0204 269.1935 0002825 142.1632 233.9030  1.00273145 53208
BONUM-1                 
1 25546U 98068A   13128.58199914  .00000067  00000-0  10000-3 0  3782
2 25546   1.3602  76.1907 0001939 296.8537 119.0167  1.00273224 53046
SATMEX 5                
1 25558U 98070A   13129.05507787 -.00000044  00000-0  10000-3 0  1551
2 25558   0.0924  80.7449 0004526 204.0414 207.2360  1.00323562 53040
GALAXY 26 (G-26)        
1 25626U 99005A   13128.09348103  .00000102  00000-0  00000+0 0  1968
2 25626   0.0154 291.6645 0002861 134.2588 243.8078  1.00273912 52121
JCSAT-4A                
1 25630U 99006A   13127.01189669 -.00000171  00000-0  10000-3 0  2193
2 25630   0.0190 246.8216 0001655 158.0556 266.4107  1.00271781 51979
SKYNET 4E               
1 25639U 99009B   13126.82243802  .00000129  00000-0  00000+0 0  3562
2 25639   8.2251  41.3805 0002244   3.7745 148.1219  1.00274810 52011
ASIASAT 3S              
1 25657U 99013A   13128.55026970 -.00000345  00000-0  10000-3 0  4796
2 25657   0.0417  83.7752 0002598 325.6247 120.7048  1.00268756 51816
EUTELSAT 21A            
1 25673U 99018A   13126.96928051  .00000109  00000-0  10000-3 0  6039
2 25673   0.4039  80.4180 0004656 325.8885 215.6289  1.00275288 51565
NIMIQ 1                 
1 25740U 99027A   13128.16005356  .00000126  00000-0  10000-3 0  3274
2 25740   0.0221 295.1048 0003059  60.6629 332.4691  1.00271967 51197
ASTRA 1H                
1 25785U 99033A   13121.84677903  .00000100  00000-0  00000+0 0  2569
2 25785   0.7867  78.4407 0004835   3.8231 102.0899  1.00273986 50857
TELKOM 1                
1 25880U 99042A   13127.53692580 -.00000358  00000-0  10000-3 0  5198
2 25880   0.0428 108.3609 0001982 332.9305  85.5622  1.00273549 50375
ABS-7                   
1 25894U 99046A   13128.52023097 -.00000374  00000-0  10000-3 0  3374
2 25894   0.0104 212.4890 0000775 265.0690  52.0916  1.00268280 49157
GALAXY 27 (G-27)        
1 25922U 99052A   13128.03103825  .00000050  00000-0  10000-3 0  2332
2 25922   0.1564  77.0659 0003229 345.1973 231.0322  1.00363467 49871
ABS-1                   
1 25924U 99053A   13127.63271794 -.00000100  00000-0  10000-3 0  3665
2 25924   0.0031 255.8238 0002169 183.2534  89.2865  1.00271370 49894
DIRECTV 1R              
1 25937U 99056A   13128.03103825  .00000067  00000-0  10000-3 0  4916
2 25937   0.7608  76.4636 0002702 332.0663 244.4476  1.00271555 49757
TELSTAR 12 (ORION 2)    
1 25949U 99059A   13128.31703705 -.00000131  00000-0  00000+0 0  3429
2 25949   0.0135 278.8674 0002558 142.6148 263.9506  1.00272406 49622
AMC-4 (GE-4)            
1 25954U 99060A   13128.42812122 -.00000285  00000-0  10000-3 0  5509
2 25954   0.0594  72.2172 0002836 336.7792 264.5347  1.00270760 49470
GALAXY 11 (G-11)        
1 26038U 99071A   13127.47637642 -.00000300  00000-0  10000-3 0  5914
2 26038   0.0400 269.0910 0000418 113.2018 319.0110  1.00270632 49088
HISPASAT 1C             
1 26071U 00007A   13129.15428841 -.00000227  00000-0  00000+0 0  9702
2 26071   0.0622  64.9557 0005481 344.9580 202.7554  1.00271812 48644
GARUDA 1                
1 26089U 00011A   13126.87679288 -.00000372  00000-0  00000+0 0  1753
2 26089   1.2717 231.0353 0004081 231.2258 201.2838  1.00271526 48503
SUPERBIRD-B2            
1 26095U 00012A   13125.80024795 -.00000111  00000-0  00000+0 0  4855
2 26095   0.0418 104.3475 0001919 317.3624 252.1904  1.00272315 48441
EXPRESS-A2              
1 26098U 00013A   13127.97762454 -.00000334  00000-0  10000-3 0  9587
2 26098   6.4595  58.3922 0024938  75.7996 186.3628  1.00273273 48173
ASIASTAR                
1 26107U 00016A   13127.96804459 -.00000345  00000-0  10000-3 0  3982
2 26107   0.0475  42.2266 0004078   5.0507 272.1783  1.00272737 48137
EUTELSAT 16C            
1 26243U 00019A   13128.11281648  .00000083  00000-0  00000+0 0  2413
2 26243   1.2793  75.2307 0002432 337.0477 228.9166  1.00272374 47817
EUTELSAT 36A            
1 26369U 00028A   13126.96971635  .00000139  00000-0  10000-3 0  2805
2 26369   0.0740 354.2815 0003931  59.9929 195.9216  1.00276185 47459
TDRS 8                  
1 26388U 00034A   13127.68023257 -.00000235  00000-0  00000+0 0  8888
2 26388   4.6589  72.1548 0002843   4.1419 123.4885  1.00272202 47170
COSMOS 2371             
1 26394U 00036A   13126.29408909 -.00000146  00000-0  10000-3 0  2255
2 26394   9.7210  49.2043 0006227  25.3356 334.5742  1.00265601 47019
ECHOSTAR 6              
1 26402U 00038A   13128.30423697 -.00000156  00000-0  10000-3 0  4660
2 26402   1.1923  76.4044 0002452 319.7782 203.4630  1.00271760 46942
INTELSAT 9 (IS-9)       
1 26451U 00043A   13128.33401076 -.00000281  00000-0  10000-3 0   193
2 26451   0.4866  80.5072 0002821 338.4641 244.5067  1.00272337 46832
BRASILSAT B4            
1 26469U 00046A   13127.43714642 -.00000226  00000-0  00000+0 0  2805
2 26469   0.0409 133.3401 0002275 277.2059 248.2754  1.00273381 46619
NILESAT 102             
1 26470U 00046B   13128.11230575 -.00000071  00000-0  10000-3 0  9159
2 26470   0.0175 305.1275 0003599  65.1661 249.2310  1.00270727 46623
RADUGA-1 5              
1 26477U 00049A   13126.36719382  .00000079  00000-0  10000-3 0  5841
2 26477   9.5949  49.7414 0004105  12.3081 347.5902  1.00224936 46465
ASTRA 2B                
1 26494U 00054A   13117.00000000  .00000112  00000-0  00000+0 0  2218
2 26494   0.0660  44.4660 0004259 357.1500 192.9070  1.00266195 46215
AMC-7 (GE-7)            
1 26495U 00054B   13128.36723440  .00000084  00000-0  00000+0 0  1532
2 26495   0.0243 333.8994 0002912  76.6993 170.9528  1.00271099 46348
NSS-11 (AAP-1)          
1 26554U 00059A   13127.80481168 -.00000358  00000-0  10000-3 0  3665
2 26554   0.0160 339.0354 0002703  77.3292 207.3532  1.00270671 46185
N-SAT-110 (JCSAT-110)   
1 26559U 00060A   13125.58634020 -.00000370  00000-0  10000-3 0  3071
2 26559   0.0017 283.7308 0000267 225.3931  35.6301  1.00270466 46091
AMC-6 (GE-6)            
1 26580U 00067A   13128.28106144 -.00000272  00000-0  10000-3 0  2455
2 26580   0.0443  60.0978 0003279 343.0413 212.3134  1.00271568 45974
INTELSAT 12 (IS-12)     
1 26590U 00068A   13128.16005356  .00000124  00000-0  10000-3 0   180
2 26590   0.0204 304.3770 0003186 119.9209 264.4523  1.00273144 45897
INTELSAT 1R (IS-1R)     
1 26608U 00072A   13128.21210111 -.00000295  00000-0  00000+0 0  6842
2 26608   0.0298  95.5076 0000657 196.8125 320.2815  1.00272281 45749
ANIK F1                 
1 26624U 00076A   13128.51976488 -.00000086  00000-0  10000-3 0   109
2 26624   0.0632  98.2394 0001777 328.5371 239.5399  1.00273057 45722
ASTRA 2D                
1 26638U 00081A   13127.92697373  .00000136  00000-0  00000+0 0  2389
2 26638   0.9658  79.0227 0000631   3.2148 145.3373  1.00272051 45430
AMC-8 (GE-8)            
1 26639U 00081B   13127.46959084  .00000090  00000-0  00000+0 0  1589
2 26639   0.0294  47.5871 0002339 356.5606 211.3612  1.00272220 45396
TURKSAT 2A              
1 26666U 01002A   13127.93166240  .00000133  00000-0  10000-3 0  2358
2 26666   0.0282 320.1905 0004906  85.6693 197.4673  1.00274772 45147
SICRAL 1                
1 26694U 01005A   13127.14847395  .00000088  00000-0  10000-3 0  2294
2 26694   4.6350  63.3197 0003736  11.2112 220.2496  1.00271487 44882
SKYNET 4F               
1 26695U 01005B   13122.65380441 -.00000261  00000-0  10000-3 0  8706
2 26695   6.6714  48.7460 0003343 345.1515  28.1613  1.00269594 44825
EUTELSAT 28A            
1 26719U 01011A   13127.92329955  .00000137  00000-0  00000+0 0  4148
2 26719   0.0825  24.7501 0003473  57.4415 144.6321  1.00276089 44578
XM-2 (ROCK)             
1 26724U 01012A   13128.47808089 -.00000035  00000-0  00000+0 0  5112
2 26724   0.1412 276.8903 0003046  36.7041 329.7112  1.00272123 44540
XM-1 (ROLL)             
1 26761U 01018A   13126.49339644 -.00000039  00000-0  00000+0 0  3522
2 26761   0.0942 258.3736 0003090 314.8454  73.6133  1.00272540 43993
INTELSAT 10 (IS-10)     
1 26766U 01019A   13126.02627366  .00000108  00000-0  10000-3 0  2450
2 26766   0.0320  64.5611 0002262 322.9500 253.5112  1.00274828 43895
INTELSAT 901 (IS-901)   
1 26824U 01024A   13128.23133307 -.00000153  00000-0  00000+0 0   749
2 26824   0.0150 341.0819 0003298  76.2328 234.1831  1.00274490 43664
ASTRA 2C                
1 26853U 01025A   13103.00000000  .00000105  00000-0  00000+0 0  9872
2 26853   0.0500 324.8410 0004365  39.5870 216.1000  1.00269064 43356
ARTEMIS                 
1 26863U 01029A   13126.97095884  .00000105  00000-0  00000+0 0  4901
2 26863  10.5547  50.3142 0003498  37.8776 147.7652  1.00277254 44396
GOES 12                 
1 26871U 01031A   13127.42875465 -.00000298  00000-0  00000+0 0   455
2 26871   2.9668  69.7688 0003809  22.0082 228.2511  1.00274286 43249
INTELSAT 902 (IS-902)   
1 26900U 01039A   13128.04564115  .00000020  00000-0  00000+0 0  1118
2 26900   0.0289  61.5296 0002912 356.5588 246.3647  1.00270614 42831
EUTELSAT 8 WEST A       
1 26927U 01042A   13128.24425650 -.00000079  00000-0  00000+0 0  8542
2 26927   0.0694  36.7305 0005536  15.3495 253.9915  1.00272299 42571
DIRECTV 4S              
1 26985U 01052A   13120.48179903 -.00000133  00000-0  10000-3 0   540
2 26985   0.0184 155.6082 0003489 254.0171 241.2971  1.00270651 41908
INSAT-3C                
1 27298U 02002A   13127.58296265 -.00000091  00000-0  10000-3 0   850
2 27298   0.0575  80.9593 0007259 353.1483  75.3206  1.00272128 41350
ECHOSTAR 7              
1 27378U 02006A   13128.20217465 -.00000013  00000-0  10000-3 0  2292
2 27378   0.0361  51.8705 0000407  88.7332  39.5432  1.00272471 41057
INTELSAT 904 (IS-904)   
1 27380U 02007A   13128.02734729  .00000036  00000-0  00000+0 0  1516
2 27380   0.0247  64.9279 0002960 344.5894 246.3365  1.00271975 41080
TDRS 9                  
1 27389U 02011A   13128.21361942 -.00000270  00000-0  10000-3 0  1363
2 27389   2.1927 113.9437 0015866 285.4244 222.8729  1.00275470 42436
JCSAT-2A                
1 27399U 02015A   13128.35396289 -.00000178  00000-0  00000+0 0  9747
2 27399   0.0271  94.0532 0001984 352.6125  61.0726  1.00269835 40753
ASTRA 3A                
1 27400U 02015B   13128.10160938  .00000125  00000-0  00000+0 0  7933
2 27400   0.8475  76.6648 0003313 207.5381   2.1730  1.00275515 40757
INTELSAT 903 (IS-903)   
1 27403U 02016A   13127.36978648 -.00000253  00000-0  00000+0 0  8494
2 27403   0.0116 338.7070 0003038  88.0054 257.2903  1.00273714 40730
NSS-7                   
1 27414U 02019A   13128.36176446 -.00000167  00000-0  00000+0 0  1279
2 27414   0.0337  24.2655 0002819  37.3113 275.0063  1.00272995 40579
DIRECTV 5 (TEMPO 1)     
1 27426U 02023A   13127.00851385 -.00000071  00000-0  10000-3 0  1560
2 27426   0.0087  73.9997 0003536 327.9425  76.0141  1.00271978 40302
INTELSAT 905 (IS-905)   
1 27438U 02027A   13128.11187124 -.00000197  00000-0  00000+0 0  6797
2 27438   0.0393  89.4351 0002642 319.1867 193.2473  1.00272912 40063
EXPRESS-A4              
1 27441U 02029A   13128.31703705 -.00000124  00000-0  10000-3 0  2627
2 27441   3.2565  68.2586 0005187   3.7145 254.4577  1.00271210 39962
GALAXY 3C (G-3C)        
1 27445U 02030A   13126.36373399 -.00000168  00000-0  10000-3 0  7890
2 27445   0.0443  78.7369 0000191 128.9011  52.5921  1.00270597 39926
EUTELSAT 5 WEST A       
1 27460U 02035A   13127.98368522 -.00000055  00000-0  10000-3 0  9171
2 27460   0.0578   8.6689 0005389  40.1190 166.3205  1.00273092 39737
N-STAR C                
1 27461U 02035B   13128.34925222 -.00000318  00000-0  00000+0 0  6645
2 27461   1.6704  75.5925 0001639   0.2636  52.2240  1.00270977 39740
EUTELSAT HOT BIRD 13A   
1 27499U 02038A   13125.81043354  .00000068  00000-0  10000-3 0  3176
2 27499   0.0134 256.6298 0003176 157.4184 114.5138  1.00270721 39225
ECHOSTAR 8              
1 27501U 02039A   13128.43148271 -.00000254  00000-0  10000-3 0  2162
2 27501   0.0618  81.7426 0002564 332.4572 250.6549  1.00271332 39263
EUTELSAT 12 WEST A      
1 27508U 02040A   13126.21785015 -.00000119  00000-0  10000-3 0   223
2 27508   0.0697 338.8794 0002780 117.2290 194.0078  1.00269422 39228
METEOSAT-8 (MSG-1)      
1 27509U 02040B   13128.11255730  .00000011  00000-0  00000+0 0  3623
2 27509   2.0441  62.5236 0000993  60.7760 146.9351  1.00275833 39243
INTELSAT 906 (IS-906)   
1 27513U 02041A   13127.61502777  .00000001  00000-0  00000+0 0  8881
2 27513   0.0220  10.6629 0002908  33.4893 107.0077  1.00269199 39110
KODAMA (DRTS)           
1 27516U 02042B   13127.96650625 -.00000249  00000-0  00000+0 0  1539
2 27516   2.1304  72.5646 0002608 339.3768 252.7337  1.00276943 39089
KALPANA-1 (METSAT 1)    
1 27525U 02043A   13126.58926520 -.00000093  00000-0  00000+0 0  6887
2 27525   3.5634  67.1966 0003252 222.9933 220.5058  1.00272422 39027
HISPASAT 1D             
1 27528U 02044A   13127.85917958 -.00000230  00000-0  00000+0 0  7825
2 27528   0.0332 346.2285 0004738  39.0744 119.8285  1.00270847 38973
EUTELSAT 25C            
1 27554U 02051A   13128.10160938  .00000130  00000-0  10000-3 0  8553
2 27554   0.0447 344.9005 0002219  85.3936 217.8209  1.00274691 38362
TDRS 10                 
1 27566U 02055A   13127.68610846  .00000071  00000-0  10000-3 0  8543
2 27566   2.2214  64.5467 0008420 216.2914  17.4295  1.00271235 38246
NSS-6                   
1 27603U 02057A   13128.04539475 -.00000282  00000-0  00000+0 0  7062
2 27603   0.0112 332.4133 0002611  84.4702 280.4859  1.00268450 38102
NIMIQ 2                 
1 27632U 02062A   13128.35910479 -.00000186  00000-0  10000-3 0  6642
2 27632   0.0115 212.1960 0006109 264.6851 147.5816  1.00272437 37961
INTELSAT 907 (IS-907)   
1 27683U 03007A   13128.23890125 -.00000215  00000-0  00000+0 0  4400
2 27683   0.0283  64.6400 0003214 352.6717 227.4189  1.00272063 37477
INSAT-3A                
1 27714U 03013A   13127.67328613 -.00000272  00000-0  10000-3 0  6698
2 27714   0.1094  79.3908 0001984 295.4933 186.6543  1.00271268 36942
GALAXY 12 (G-12)        
1 27715U 03013B   13128.01071775  .00000046  00000-0  10000-3 0  7107
2 27715   0.0292 299.5660 0001654 115.2039  46.0951  1.00272343 36995
ASIASAT 4               
1 27718U 03014A   13128.40331853 -.00000372  00000-0  10000-3 0  3086
2 27718   0.0005 122.3144 0000828 350.3213  21.0672  1.00273289 36935
HELLAS-SAT 2            
1 27811U 03020A   13127.67919758  .00000138  00000-0  00000+0 0  6167
2 27811   0.0158  92.5866 0004073 324.9952  91.5940  1.00275756 36470
AMC-9 (GE-12)           
1 27820U 03024A   13128.31803895 -.00000228  00000-0  00000+0 0  7732
2 27820   0.0148 347.0757 0003443  83.7481 186.9689  1.00272145 36358
THURAYA-2               
1 27825U 03026A   13128.03421334  .00000120  00000-0  00000+0 0  4795
2 27825   3.5086  18.6673 0004776  29.2422 234.4523  1.00271403 36341
BSAT-2C                 
1 27830U 03028A   13127.88236919 -.00000364  00000-0  10000-3 0  7742
2 27830   0.0307 154.5584 0000915  59.8292  78.9929  1.00271354 36314
OPTUS C1                
1 27831U 03028B   13125.80559350 -.00000166  00000-0  10000-3 0  8347
2 27831   0.0405 148.7520 0002552 256.2968 264.7935  1.00270773 36283
ECHOSTAR 12 (RAINBOW 1) 
1 27852U 03033A   13127.42831148 -.00000297  00000-0  00000+0 0  7589
2 27852   0.0341  40.1193 0000613  31.0609 247.0792  1.00270347 35969
GALAXY 23 (G-23)        
1 27854U 03034A   13127.32428324 -.00000002  00000-0  00000+0 0  7280
2 27854   0.0190  16.1228 0003259  46.5588 158.3886  1.00273082 35744
EUTELSAT 33A            
1 27948U 03043A   13128.04377513  .00000143  00000-0  10000-3 0  8671
2 27948   0.0659  35.9372 0002175 110.8368 128.1180  1.00275072 35310
INSAT-3E                
1 27951U 03043E   13127.62276383  .00000071  00000-0  10000-3 0  7670
2 27951   0.0876  86.7257 0007052 334.7056  83.4418  1.00272758 35215
GALAXY 13 (HORIZONS-1)  
1 27954U 03044A   13127.37581289  .00000033  00000-0  00000+0 0  5941
2 27954   0.0059  33.6663 0003571  48.3280 151.6633  1.00273175 35235
ZHONGXING-20            
1 28082U 03052A   13127.53628395 -.00000340  00000-0  00000+0 0  8980
2 28082   0.4637  78.6469 0002313  39.6723  42.8150  1.00328564 34760
YAMAL 202               
1 28089U 03053A   13128.58092205  .00000109  00000-0  10000-3 0  7547
2 28089   0.0221 273.5440 0002617 140.1722  70.9745  1.00267584 34699
YAMAL 201               
1 28094U 03053B   13128.02489207 -.00000242  00000-0  00000+0 0  2239
2 28094   0.0334 280.5788 0003022 119.5665 284.7892  1.00273758 36869
AMOS-2                  
1 28132U 03059A   13128.23728645 -.00000047  00000-0  10000-3 0  5201
2 28132   0.0659  88.3941 0003149 313.6815 265.5595  1.00270820 34379
EXPRESS-AM22 (SESAT 2)  
1 28134U 03060A   13126.57260392  .00000081  00000-0  10000-3 0  8750
2 28134   0.0065 298.6001 0002846 185.0741   0.0445  1.00273296 34283
AMC-10 (GE-10)          
1 28154U 04003A   13128.37724733  .00000076  00000-0  10000-3 0  7612
2 28154   0.0557  66.7262 0002828 343.4538 176.9812  1.00272976 33923
MBSAT                   
1 28184U 04007A   13128.39705167 -.00000262  00000-0  10000-3 0  6326
2 28184   0.0097 271.3385 0001551 158.3767  83.6564  1.00271617 33619
EUTELSAT 7A             
1 28187U 04008A   13128.31165218  .00000036  00000-0  00000+0 0  5679
2 28187   0.0667   6.4988 0004305  57.1286 281.8467  1.00273062 33567
DIRECTV 7S              
1 28238U 04016A   13127.32433660 -.00000014  00000-0  10000-3 0  7432
2 28238   0.0195  15.2227 0003006  50.1870 157.5934  1.00272898 33062
AMC-11 (GE-11)          
1 28252U 04017A   13128.39340897  .00000057  00000-0  00000+0 0  4434
2 28252   0.0249  45.7914 0002692   6.8248 184.3741  1.00273301 32867
INTELSAT 10-02          
1 28358U 04022A   13128.11245059 -.00000023  00000-0  10000-3 0  5284
2 28358   0.0054 205.5289 0000752 171.6564 248.4355  1.00272735 32612
APSTAR 5 (TELSTAR 18)   
1 28364U 04024A   13126.80974714 -.00000310  00000-0  10000-3 0  6206
2 28364   0.0023  89.5205 0002089 318.3272 246.4593  1.00271709 32582
ANIK F2                 
1 28378U 04027A   13128.01761799 -.00000063  00000-0  10000-3 0  2937
2 28378   0.0441   4.6125 0000089 315.8374 160.8367  1.00272790 32346
AMAZONAS 1              
1 28393U 04031A   13128.22177120 -.00000295  00000-0  00000+0 0  1426
2 28393   0.0996  66.2364 0006145   4.2776 174.4943  1.00269984 32118
AMC-15                  
1 28446U 04041A   13127.32471774 -.00000104  00000-0  10000-3 0  7439
2 28446   0.0680  57.0864 0002158 342.3380 197.7580  1.00271958 31373
FENGYUN 2C              
1 28451U 04042A   13127.89230022 -.00000371  00000-0  10000-3 0  6768
2 28451   4.6583  62.8173 0002360  72.7169 175.1221  1.00270445 31295
EXPRESS-AM1             
1 28463U 04043A   13128.22459459  .00000137  00000-0  10000-3 0  5428
2 28463   2.5331  70.3429 0003256  44.0477 232.6645  1.00274510 31200
AMC-16                  
1 28472U 04048A   13129.47921236 -.00000216  00000-0  10000-3 0  7115
2 28472   0.0093 307.4487 0002792  91.2787 276.2346  1.00271270 30816
NSS-10 (AMC-12)         
1 28526U 05003A   13127.13848168 -.00000266  00000-0  10000-3 0  1591
2 28526   0.0432  59.7048 0003424 323.0214 214.8484  1.00269931 30291
XTAR-EUR                
1 28542U 05005A   13125.99083383  .00000133  00000-0  00000+0 0  1893
2 28542   0.0307  92.4827 0002370 291.2005 226.0317  1.00272019 30147
HIMAWARI-6 (MTSAT-1R)   
1 28622U 05006A   13126.69863778 -.00000297  00000-0  10000-3 0  8798
2 28622   0.0267   0.5663 0000597 295.2122 320.4711  1.00271129 29980
XM-3 (RHYTHM)           
1 28626U 05008A   13129.47921848 -.00000215  00000-0  10000-3 0  3735
2 28626   0.0376  83.0741 0000482 118.7160 113.0659  1.00270782 30064
INMARSAT 4-F1           
1 28628U 05009A   13126.52900157 -.00000281  00000-0  10000-3 0  8638
2 28628   2.5873 350.2392 0003143  61.1808 147.0414  1.00270370 29655
EXPRESS-AM2             
1 28629U 05010A   13125.91188181 -.00000155  00000-0  10000-3 0  2126
2 28629   0.0704  78.6808 0001227 359.7656 193.7744  1.00273241 29679
APSTAR 6                
1 28638U 05012A   13128.40233039 -.00000330  00000-0  10000-3 0  5474
2 28638   0.0525  77.5717 0002691   0.9395  66.6865  1.00269215 54416
SPACEWAY 1              
1 28644U 05015A   13127.60046069 -.00000116  00000-0  10000-3 0  6169
2 28644   0.0148 159.6550 0000242 176.7848   2.4070  1.00271891 29495
DIRECTV 8               
1 28659U 05019A   13125.33027853 -.00000135  00000-0  10000-3 0  6887
2 28659   0.0054 328.1363 0003480  61.8900 211.3708  1.00271378 29143
GALAXY 28 (G-28)        
1 28702U 05022A   13126.32508336 -.00000203  00000-0  00000+0 0  4957
2 28702   0.0363  81.1594 0001901  72.1556  99.0506  1.00272870 28868
EXPRESS-AM3             
1 28707U 05023A   13126.89807350 -.00000297  00000-0  10000-3 0  9912
2 28707   0.0051 191.3837 0005519 216.0655 280.6785  1.00270378 28834
THAICOM 4               
1 28786U 05028A   13129.57297823 -.00000372  00000-0  00000+0 0  2158
2 28786   0.0041 303.7637 0002430  96.7388 152.8056  1.00270856 28407
GALAXY 14 (G-14)        
1 28790U 05030A   13122.09590214  .00000014  00000-0  10000-3 0  5189
2 28790   0.0353  19.1277 0002936  27.9746  82.5870  1.00272508 28231
ANIK F1R                
1 28868U 05036A   13127.22497767 -.00000089  00000-0  10000-3 0  2113
2 28868   0.0596  68.7954 0002828 326.4316 163.6904  1.00272528 28138
GALAXY 15 (G-15)        
1 28884U 05041A   13127.45719578  .00000064  00000-0  00000+0 0  5186
2 28884   0.0281  48.4148 0001092   3.9692 204.6387  1.00272334 27712
SYRACUSE 3A             
1 28885U 05041B   13126.94195616  .00000113  00000-0  00000+0 0  3331
2 28885   0.0275  72.5746 0003451 350.3591 188.1038  1.00274535 27811
INMARSAT 4-F2           
1 28899U 05044A   13126.74753875  .00000117  00000-0  00000+0 0  7309
2 28899   2.2720 347.7445 0003045  70.0283 101.1526  1.00267556 27486
TELKOM 2                
1 28902U 05046A   13127.78335238 -.00000376  00000-0  00000+0 0  3382
2 28902   0.0121 276.8865 0000508 123.0557 225.8589  1.00271150 27392
SPACEWAY 2              
1 28903U 05046B   13127.91755797 -.00000139  00000-0  10000-3 0  4725
2 28903   0.0616  74.9836 0000149 197.0520 185.0563  1.00270971 27488
INSAT-4A                
1 28911U 05049A   13122.54473997 -.00000187  00000-0  10000-3 0  6848
2 28911   0.1261  87.4135 0003842 225.5412 186.7325  1.00270312 27028
METEOSAT-9 (MSG-2)      
1 28912U 05049B   13126.87971287  .00000047  00000-0  00000+0 0  5347
2 28912   0.4744  30.8029 0001129 331.1772 188.8385  1.00273743 27087
EUTELSAT 172A (GE-23)   
1 28924U 05052A   13126.43853006 -.00000023  00000-0  10000-3 0  3858
2 28924   0.0307  17.7825 0003374  37.7719 138.7515  1.00272139 26955
ECHOSTAR 10             
1 28935U 06003A   13128.31729953 -.00000068  00000-0  10000-3 0  6222
2 28935   0.0461  65.3179 0000991 274.9217 250.0673  1.00272382 26503
MTSAT-2                 
1 28937U 06004A   13127.84556348 -.00000256  00000-0  00000+0 0  4073
2 28937   0.0228 259.9379 0003925 140.1994 275.1233  1.00270311 26482
SPAINSAT                
1 28945U 06007A   13127.94454240 -.00000229  00000-0  00000+0 0   575
2 28945   0.0097 212.2473 0001531 219.7800 103.9304  1.00271262 26249
EUTELSAT 9A             
1 28946U 06007B   13126.87970525  .00000046  00000-0  10000-3 0  1387
2 28946   0.0720  69.8162 0003168 335.4283 145.3418  1.00274043 26283
JCSAT-5A                
1 29045U 06010A   13128.52063499 -.00000340  00000-0  10000-3 0  1714
2 29045   0.0068 278.9988 0002419 168.1487  98.8088  1.00270565 25945
ASTRA 1KR               
1 29055U 06012A   13117.00000000  .00000111  00000-0  00000+0 0  5799
2 29055   0.0690 265.5760 0000887  54.7320 274.0510  1.00263324 25741
GOES 13                 
1 29155U 06018A   13128.37322943 -.00000262  00000-0  10000-3 0  5413
2 29155   0.2763 262.2431 0003967 179.0799 204.7184  1.00268600 25500
SATMEX 6                
1 29162U 06020A   13127.34779140 -.00000052  00000-0  00000+0 0   883
2 29162   0.0457  86.6020 0002097 306.3717 204.5689  1.00272073 25457
THAICOM 5               
1 29163U 06020B   13126.69338944 -.00000138  00000-0  00000+0 0  3983
2 29163   0.0464 281.7176 0002766 160.3570 110.7613  1.00273062 25504
GALAXY 16 (G-16)        
1 29236U 06023A   13128.51679983 -.00000139  00000-0  10000-3 0  4562
2 29236   0.0605  91.5207 0002875 311.9516 270.0543  1.00271119 25254
EUTELSAT HOT BIRD 13B   
1 29270U 06032A   13125.81704264  .00000068  00000-0  10000-3 0   466
2 29270   0.0721 331.3011 0005230  44.2453 155.4028  1.00269755 24833
JCSAT-3A                
1 29272U 06033A   13127.84504824 -.00000358  00000-0  10000-3 0  1996
2 29272   0.0211 348.2279 0001553  63.1586 246.6675  1.00270034 24746
SYRACUSE 3B             
1 29273U 06033B   13126.20277002 -.00000061  00000-0  10000-3 0  1307
2 29273   0.0035 135.7871 0004246 275.7057 240.5255  1.00272465 24718
KOREASAT 5 (MUGUNGWHA 5)
1 29349U 06034A   13127.89289483 -.00000371  00000-0  10000-3 0  2242
2 29349   0.0386  72.8034 0001339  12.0877 215.4940  1.00271455 24625
ZHONGXING-22A           
1 29398U 06038A   13127.90591917 -.00000326  00000-0  10000-3 0  9483
2 29398   2.9560  68.9324 0005914  15.2829 209.3424  1.00270512 24427
DIRECTV 9S              
1 29494U 06043A   13122.14750718 -.00000136  00000-0  10000-3 0  3330
2 29494   0.0152 256.3729 0001872 154.4418 121.3470  1.00270409 24037
OPTUS D1                
1 29495U 06043B   13128.31494403 -.00000123  00000-0  10000-3 0  1954
2 29495   0.0146 339.6244 0001832  28.7654 131.2938  1.00271608 24131
XM-4 (BLUES)            
1 29520U 06049A   13126.32435918 -.00000040  00000-0  10000-3 0   388
2 29520   0.0527  76.6606 0000249 247.9948 261.1460  1.00271804 23977
BADR-4                  
1 29526U 06051A   13127.80434647  .00000131  00000-0  10000-3 0  2088
2 29526   0.0561 319.5770 0003562  54.5472 167.2356  1.00274466 23873
FENGYUN 2D              
1 29640U 06053A   13127.93491932 -.00000212  00000-0  10000-3 0  6716
2 29640   1.5201  72.2921 0002260  16.7985 200.0463  1.00273473 23547
WILDBLUE-1              
1 29643U 06054A   13127.43361924 -.00000064  00000-0  10000-3 0  9327
2 29643   0.0473  88.1739 0001967 323.2268 218.9547  1.00272101 23527
AMC-18                  
1 29644U 06054B   13127.32471774 -.00000104  00000-0  10000-3 0  3296
2 29644   0.0553  74.2248 0003507 331.9476 191.0965  1.00271719 23537
MEASAT-3                
1 29648U 06056A   13128.02903374 -.00000254  00000-0  10000-3 0    97
2 29648   0.0539  78.7951 0003092  10.7569 238.4087  1.00270730 23554
KIKU-8 (ETS-VIII)       
1 29656U 06059A   13126.83004405 -.00000252  00000-0  00000+0 0  1581
2 29656   2.6844  70.1758 0006878 347.9379 251.2517  1.00274327 23434
INSAT-4B                
1 30793U 07007A   13127.86626189 -.00000271  00000-0  10000-3 0  3704
2 30793   0.0406 265.3621 0006224 164.6741 201.1666  1.00271199 22569
SKYNET 5A               
1 30794U 07007B   13128.31165218  .00000028  00000-0  00000+0 0   461
2 30794   0.0724 348.5561 0004301  93.6153 262.3233  1.00272067 22735
ANIK F3                 
1 31102U 07009A   13129.46304705 -.00000011  00000-0  10000-3 0  1841
2 31102   0.0082 274.1280 0001602 145.2304 216.0604  1.00273632 22334
ASTRA 1L                
1 31306U 07016A   13117.00000000  .00000111  00000-0  00000+0 0  5415
2 31306   0.0770 290.7200 0003281  52.8030 250.8350  1.00262708 21957
GALAXY 17 (G-17)        
1 31307U 07016B   13128.44479853 -.00000186  00000-0  10000-3 0  1483
2 31307   0.0398  51.4705 0003433  13.7591 230.3159  1.00271594 22069
EUTELSAT 3A             
1 31577U 07021A   13128.11254969  .00000008  00000-0  10000-3 0  6691
2 31577   0.1237  90.2826 0004309 336.5538 203.0293  1.00269612 21766
ZHONGXING-6B            
1 31800U 07031A   13127.84356017 -.00000375  00000-0  10000-3 0  6640
2 31800   0.0041 348.7277 0002909  74.5070 221.8410  1.00273254 21454
DIRECTV 10              
1 31862U 07032A   13128.25848244 -.00000115  00000-0  10000-3 0  1381
2 31862   0.0508  81.1001 0000551 255.2183 240.1698  1.00271475 21395
SPACEWAY 3              
1 32018U 07036A   13128.44543166 -.00000163  00000-0  10000-3 0   512
2 32018   0.0329  85.3133 0000398  34.7251 171.7831  1.00271648 21117
BSAT-3A                 
1 32019U 07036B   13128.59075926 -.00000362  00000-0  10000-3 0  9557
2 32019   0.0574 116.8565 0003403 340.3173  91.9054  1.00270500 21057
INSAT-4CR               
1 32050U 07037A   13126.80624097 -.00000094  00000-0  10000-3 0  3538
2 32050   0.0005 195.2908 0002405 199.4856 194.3037  1.00272625 20828
OPTUS D2                
1 32252U 07044A   13127.59057624 -.00000197  00000-0  00000+0 0  1710
2 32252   0.0156  99.6147 0003218 312.6380 177.9402  1.00271831 20512
INTELSAT 11 (IS-11)     
1 32253U 07044B   13128.33883368 -.00000281  00000-0  10000-3 0  8576
2 32253   0.0093 184.4336 0002504 236.3141 244.5400  1.00271684 20515
STAR ONE C1             
1 32293U 07056A   13128.38473698 -.00000289  00000-0  00000+0 0  9652
2 32293   0.0445 268.7075 0002394 188.4951 202.6664  1.00273066 20141
SKYNET 5B               
1 32294U 07056B   13127.92697373  .00000124  00000-0  10000-3 0   710
2 32294   0.0698 359.1352 0000751 173.8870  55.4031  1.00084864 20225
ASTRA 4A (SIRIUS 4)     
1 32299U 07057A   13128.23196240  .00000020  00000-0  10000-3 0  9295
2 32299   0.0237   5.6130 0003115  44.5632 264.3607  1.00273164 20079
RADUGA-1M 1             
1 32373U 07058A   13127.08332771 -.00000054  00000-0  00000+0 0  5505
2 32373   0.0038 256.8625 0003242 178.2312 249.9777  1.00272186 20701
HORIZONS-2              
1 32388U 07063B   13128.59629926 -.00000194  00000-0  10000-3 0  9813
2 32388   0.0451  42.0568 0002376 351.2358 132.8028  1.00272207 19876
THURAYA-3               
1 32404U 08001A   13127.54022554 -.00000324  00000-0  10000-3 0   910
2 32404   4.7051 341.3589 0004140  58.1295 119.1495  1.00270631 19510
EXPRESS-AM33            
1 32478U 08003A   13128.89774524 -.00000292  00000-0  10000-3 0  4753
2 32478   0.0143 284.9108 0001712 213.1320 148.5146  1.00271815 19632
THOR 5                  
1 32487U 08006A   13125.81672248 -.00000028  00000-0  10000-3 0  9959
2 32487   0.0032 213.8572 0002569 189.6738 113.5623  1.00272052 19159
KIZUNA (WINDS)          
1 32500U 08007A   13128.48017911 -.00000270  00000-0  10000-3 0  9074
2 32500   0.0159 284.4922 0002675 122.0728 135.7603  1.00271022 19112
AMC-14                  
1 32708U 08011A   13128.10953668  .00000151  00000-0  10000-3 0  1187
2 32708  16.1751  88.1959 0053009 355.7311 211.0877  1.00274534 20155
DIRECTV 11              
1 32729U 08013A   13128.51679983 -.00000137  00000-0  10000-3 0   984
2 32729   0.0476  88.6277 0000449 175.9522  48.7386  1.00271748 18924
ICO G1                  
1 32763U 08016A   13127.43489700 -.00000193  00000-0  00000+0 0   371
2 32763   4.4875 340.3667 0003461  78.0107 230.7617  1.00271783 18573
VINASAT-1               
1 32767U 08018A   13126.81845090 -.00000344  00000-0  10000-3 0  9479
2 32767   0.0249   9.3981 0001160  53.7374 228.2705  1.00270955 18586
STAR ONE C2             
1 32768U 08018B   13127.42580537 -.00000280  00000-0  00000+0 0  9384
2 32768   0.0338  76.6548 0002566   9.4999 222.5722  1.00272141 18624
TIANLIAN I (CTDRS-1)    
1 32779U 08019A   13128.10425694 -.00000120  00000-0  10000-3 0  4546
2 32779   0.0389 294.8855 0004978 319.4485  86.3132  1.00272206 18454
AMOS-3                  
1 32794U 08022A   13126.22290769 -.00000052  00000-0  10000-3 0  7919
2 32794   0.0042 244.5260 0002636 101.9752 313.9955  1.00272859 18411
GALAXY 18 (G-18)        
1 32951U 08024A   13127.43277434  .00000010  00000-0  00000+0 0  8193
2 32951   0.0357 117.9879 0002936 298.4763 201.7527  1.00273885 18195
CHINASAT 9 (ZX 9)       
1 33051U 08028A   13128.97756359 -.00000258  00000-0  10000-3 0  4351
2 33051   0.0023 321.5593 0006449  88.6860 260.8181  1.00270015 18029
SKYNET 5C               
1 33055U 08030A   13128.02767362 -.00000152  00000-0  00000+0 0  7766
2 33055   0.0666   9.0842 0003624  50.4307 158.6593  1.00272901 18012
TURKSAT 3A              
1 33056U 08030B   13121.83503354  .00000124  00000-0  10000-3 0  8492
2 33056   0.0554  94.4554 0004100 314.8651 153.2082  1.00274631 18001
COSMOS 2440             
1 33108U 08033A   13127.33258632 -.00000068  00000-0  10000-3 0  1301
2 33108   1.9110  56.6279 0004306 358.0150   1.5807  1.00280597 17796
INTELSAT 25 (IS-25)     
1 33153U 08034A   13127.99092503 -.00000237  00000-0  00000+0 0  8554
2 33153   0.0252  67.3380 0002014 352.8167 131.0535  1.00271982 17738
BADR-6                  
1 33154U 08034B   13127.92866676  .00000131  00000-0  10000-3 0  9220
2 33154   0.0669  31.8285 0005590  19.9283 174.4499  1.00271254 17757
ECHOSTAR 11             
1 33207U 08035A   13125.33003459 -.00000077  00000-0  10000-3 0   686
2 33207   0.0745  64.9315 0003052 335.8248 191.4361  1.00272841 17619
SUPERBIRD-C2            
1 33274U 08038A   13127.84556348 -.00000264  00000-0  10000-3 0   410
2 33274   0.0047 280.0509 0000391  30.3665   3.7844  1.00271419 17360
AMC-21                  
1 33275U 08038B   13128.37494242  .00000023  00000-0  10000-3 0  9729
2 33275   0.0262 268.1974 0003542  96.7823 231.4873  1.00274073 17468
INMARSAT 4-F3           
1 33278U 08039A   13127.61519150 -.00000160  00000-0  00000+0 0  1938
2 33278   3.0087 346.4418 0002672  74.7288 288.2569  1.00273621 17310
NIMIQ 4                 
1 33373U 08044A   13129.38433287 -.00000230  00000-0  00000+0 0  7790
2 33373   0.0211 312.4100 0002331  97.1393 234.1652  1.00269676 17016
GALAXY 19 (G-19)        
1 33376U 08045A   13128.39830566 -.00000152  00000-0  00000+0 0  8946
2 33376   0.0320 106.9992 0003239 317.2115 208.5729  1.00272807 16953
VENESAT-1               
1 33414U 08055A   13127.43392588 -.00000252  00000-0  10000-3 0  2569
2 33414   0.0635  85.3554 0001897   8.2014 210.0779  1.00274141 16644
ASTRA 1M                
1 33436U 08057A   13117.00000000  .00000111  00000-0  00000+0 0  1121
2 33436   0.0080 170.8230 0001412 291.2520 132.2520  1.00267264 16414
CIEL-2                  
1 33453U 08063A   13128.34018829  .00000046  00000-0  10000-3 0  8303
2 33453   0.0155 325.4242 0002671  83.7621 170.7549  1.00272810 16164
EUTELSAT HOT BIRD 13C   
1 33459U 08065A   13127.80888938  .00000073  00000-0  10000-3 0  8183
2 33459   0.0547  53.1011 0006716  27.3405  89.5151  1.00271828 16234
EUTELSAT 28B            
1 33460U 08065B   13128.24447036  .00000138  00000-0  00000+0 0  7214
2 33460   0.0589  82.1334 0004475 291.5803 328.9612  1.00271687 16098
FENGYUN 2E              
1 33463U 08066A   13127.52383307 -.00000345  00000-0  10000-3 0  1926
2 33463   1.1943  47.1652 0002024 137.6459 333.6823  1.00277701 16085
EXPRESS-AM44            
1 33595U 09007A   13127.80831765 -.00000103  00000-0  10000-3 0  1635
2 33595   0.0063 320.6327 0001064 106.3319  78.8168  1.00271207 15557
EXPRESS-MD1             
1 33596U 09007B   13125.77180132 -.00000155  00000-0  10000-3 0  1968
2 33596   0.0403  64.0956 0002564 339.6790 177.9611  1.00271346 15562
NSS-9                   
1 33749U 09008A   13126.76187853  .00000055  00000-0  00000+0 0  8472
2 33749   0.0474  68.9577 0001920 335.8497 277.2355  1.00274159 15530
EUTELSAT 3C             
1 33750U 09008B   13127.10130535  .00000004  00000-0  10000-3 0  9568
2 33750   0.0707 328.8209 0004260  96.1102 199.7190  1.00271355 15575
TELSTAR 11N             
1 34111U 09009A   13127.32637955 -.00000265  00000-0  10000-3 0  7897
2 34111   0.0287 257.6963 0002528 132.5164 275.0590  1.00271521 15391
RADUGA-1 8              
1 34264U 09010A   13128.30831425  .00000068  00000-0  10000-3 0  1822
2 34264   2.6890  89.9395 0001003  19.8234 239.1429  1.00272149 15338
EUTELSAT 10A            
1 34710U 09016A   13125.88401340  .00000050  00000-0  10000-3 0  8540
2 34710   0.0691 356.8612 0004522  46.2006 149.0667  1.00273295 15036
BEIDOU G2               
1 34779U 09018A   13127.40225969  .00000027  00000-0  10000-3 0  8665
2 34779   2.4777  68.9492 0054164 171.3606 188.5134  1.00369843 15078
SICRAL 1B               
1 34810U 09020A   13127.09674494  .00000064  00000-0  00000+0 0  8060
2 34810   0.1299  77.3830 0004887  35.5607 158.7839  1.00272026 14905
SES-7 (PROTOSTAR 2)     
1 34941U 09027A   13127.80481168 -.00000358  00000-0  10000-3 0  8652
2 34941   0.0660  68.1225 0000787 204.8279 350.7303  1.00272205 14615
MEASAT-3A               
1 35362U 09032A   13126.83492716 -.00000258  00000-0  10000-3 0  5598
2 35362   0.0043 275.5287 0000785 107.4279 233.9457  1.00272705 14219
GOES 14                 
1 35491U 09033A   13127.32470250 -.00000101  00000-0  00000+0 0  9446
2 35491   0.1561  84.1378 0003063 115.3511  37.2213  1.00273051 14166
SIRIUS FM-5             
1 35493U 09034A   13128.37448700 -.00000158  00000-0  00000+0 0  6810
2 35493   0.0301 298.1642 0001988  57.6961 269.3256  1.00271677 14157
TERRESTAR-1             
1 35496U 09035A   13128.58777682 -.00000074  00000-0  00000+0 0  8731
2 35496   4.2612 325.9244 0002991  88.9438 272.3065  1.00270507 14163
ASIASAT 5               
1 35696U 09042A   13127.58165941 -.00000321  00000-0  10000-3 0   416
2 35696   0.0075 240.5558 0001233 163.5318 131.3718  1.00272916 13699
JCSAT-RA (JCSAT-12)     
1 35755U 09044A   13126.72457990 -.00000361  00000-0  10000-3 0  6800
2 35755   0.0642  55.3118 0000922  15.2590 182.9363  1.00270858 13633
OPTUS D3                
1 35756U 09044B   13125.80559350 -.00000166  00000-0  10000-3 0  7200
2 35756   0.0554  21.4960 0004389  16.5214 271.8305  1.00271675 13602
PALAPA D                
1 35812U 09046A   13127.89289483 -.00000371  00000-0  10000-3 0  7065
2 35812   0.0227  15.4600 0002345  82.4431 202.3760  1.00270951 13665
NIMIQ 5                 
1 35873U 09050A   13128.11063632 -.00000270  00000-0  10000-3 0  7135
2 35873   0.0546  76.9543 0002388 328.9180 147.3528  1.00271531 13351
AMAZONAS 2              
1 35942U 09054A   13128.22177134 -.00000295  00000-0  10000-3 0  6935
2 35942   0.0571 108.6406 0003632 336.7394 159.6684  1.00270489 13208
COMSATBW-1              
1 35943U 09054B   13129.03943299  .00000014  00000-0  00000+0 0  6921
2 35943   0.0096  80.4610 0002092 338.7970 244.9295  1.00272902 13259
NSS-12                  
1 36032U 09058A   13127.85617797  .00000058  00000-0  00000+0 0  6652
2 36032   0.0583  61.5484 0002820 351.0157 178.5103  1.00274340 12935
THOR 6                  
1 36033U 09058B   13125.32431699 -.00000029  00000-0  10000-3 0  7350
2 36033   0.0224 152.7911 0002157 280.8341 265.6414  1.00273084 12929
INTELSAT 14 (IS-14)     
1 36097U 09064A   13128.31827256 -.00000286  00000-0  00000+0 0  5535
2 36097   0.0211  60.4622 0002163 345.3290 250.0694  1.00273321 12704
EUTELSAT 36B            
1 36101U 09065A   13126.96971495  .00000140  00000-0  10000-3 0  7395
2 36101   0.0710 353.6821 0004232  67.4436 188.8443  1.00274419 12782
INTELSAT 15 (IS-15)     
1 36106U 09067A   13128.59629912 -.00000196  00000-0  10000-3 0  7647
2 36106   0.0179 327.9392 0004927 107.6159  90.7847  1.00270320 12598
DIRECTV 12              
1 36131U 09075A   13127.60046072 -.00000118  00000-0  10000-3 0  9135
2 36131   0.0128 356.5894 0000111 318.5002  23.9123  1.00271864 12360
BEIDOU G1               
1 36287U 10001A   13128.52084081 -.00000296  00000-0  10000-3 0  9386
2 36287   1.6311   3.6192 0002123 188.2027   2.1032  1.00277702 12172
RADUGA-1M 2             
1 36358U 10002A   13128.20331594 -.00000196  00000-0  10000-3 0  9429
2 36358   0.0176 260.7715 0003338 174.3474 309.2630  1.00271782 12000
SDO                     
1 36395U 10005A   13127.61053503 -.00000034  00000-0  00000+0 0  7275
2 36395  27.8372 167.9989 0001537 261.3908 274.0651  1.00274442 12036
INTELSAT 16 (IS-16)     
1 36397U 10006A   13128.36213544 -.00000297  00000-0  10000-3 0  6628
2 36397   0.0478  63.1410 0002697 339.7684 255.6988  1.00271032 11830
GOES 15                 
1 36411U 10008A   13128.37724833  .00000078  00000-0  10000-3 0  5609
2 36411   0.1094  87.0577 0001364 332.4967 167.1977  1.00270171 11675
ECHOSTAR 14             
1 36499U 10010A   13128.31705559 -.00000014  00000-0  00000+0 0  8582
2 36499   0.0273 282.9229 0003544 118.3126 180.3007  1.00286946 11521
SES-1                   
1 36516U 10016A   13128.17045688 -.00000127  00000-0  10000-3 0  7255
2 36516   0.0270 355.0585 0002460  32.9825 158.4801  1.00271398 11127
ASTRA 3B                
1 36581U 10021A   13125.01478505  .00000117  00000-0  00000+0 0  6028
2 36581   0.0621  49.9009 0004310  26.7362 175.2161  1.00272883 10936
COMSATBW-2              
1 36582U 10021B   13125.97645797  .00000070  00000-0  10000-3 0  6688
2 36582   0.0503  77.6064 0001891 346.9188 164.1887  1.00269988 10955
BEIDOU G3               
1 36590U 10024A   13128.55434846 -.00000366  00000-0  10000-3 0  7880
2 36590   1.4076  22.9188 0002856 313.2488 200.4421  1.00267289 10776
BADR-5                  
1 36592U 10025A   13126.74747627  .00000128  00000-0  10000-3 0  5025
2 36592   0.0055 215.3260 0002744 245.1187  59.3769  1.00269688 10898
COMS 1                  
1 36744U 10032A   13128.39623916 -.00000356  00000-0  10000-3 0  5685
2 36744   0.0137 328.1169 0000969  15.1119 153.9883  1.00271052 10645
ARABSAT-5A              
1 36745U 10032B   13126.81330726  .00000137  00000-0  00000+0 0  5394
2 36745   0.0587  23.7819 0003049  36.5117 127.8012  1.00274845 10650
ECHOSTAR 15             
1 36792U 10034A   13128.22177104 -.00000294  00000-0  00000+0 0  6165
2 36792   0.0399  42.5050 0002841  45.3457 156.5130  1.00269945 10388
BEIDOU IGSO 1           
1 36828U 10036A   13128.57796775 -.00000145  00000-0  10000-3 0  7257
2 36828  54.5684 208.4278 0030357 179.2919 166.2575  1.00293492 10203
NILESAT 201             
1 36830U 10037A   13128.11230575 -.00000070  00000-0  10000-3 0  5606
2 36830   0.0548 142.7525 0002888 280.2359 196.5817  1.00273655 10276
RASCOM-QAF 1R           
1 36831U 10037B   13128.11254206  .00000006  00000-0  10000-3 0  5275
2 36831   0.0289  65.2750 0004214 344.1223 220.1113  1.00273497 10270
CHINASAT 6A (ZX 6A)     
1 37150U 10042A   13126.87915909 -.00000370  00000-0  10000-3 0  7504
2 37150   0.0191 222.5062 0002069 289.6290 154.2775  1.00269293  9902
XM-5                    
1 37185U 10053A   13129.47867757 -.00000215  00000-0  00000+0 0  6467
2 37185   0.0026 302.8108 0001129 238.9678 132.7867  1.00271128  9456
BSAT-3B                 
1 37207U 10056B   13127.88236919 -.00000364  00000-0  10000-3 0  6187
2 37207   0.0548  13.4346 0002937 338.0718 301.8982  1.00272664  9277
BEIDOU G4               
1 37210U 10057A   13128.31494403 -.00000125  00000-0  10000-3 0  6674
2 37210   0.5794  14.5420 0003589 112.2301  12.8367  1.00272659  9290
SKYTERRA 1              
1 37218U 10061A   13127.62816159 -.00000141  00000-0  10000-3 0  6607
2 37218   4.9968 321.9227 0006543 164.8186 223.7132  1.00271965  9210
ZHONGXING-20A           
1 37234U 10064A   13127.57931916 -.00000351  00000-0  10000-3 0  6671
2 37234   0.0751  76.4916 0002566  10.2741 117.4363  1.00270588  9039
HYLAS 1                 
1 37237U 10065A   13126.11798551 -.00000252  00000-0  10000-3 0  5444
2 37237   0.0654  56.8088 0002136 354.3432 181.9194  1.00269764  8972
INTELSAT 17 (IS-17)     
1 37238U 10065B   13126.59774880 -.00000018  00000-0  00000+0 0  4664
2 37238   0.0547  85.7931 0003306 347.2043  72.7840  1.00272737  9005
BEIDOU IGSO 2           
1 37256U 10068A   13127.82166237 -.00000232  00000-0  10000-3 0  6255
2 37256  54.6873 328.5605 0021519 183.0606 128.1190  1.00255343  8787
EUTELSAT KA-SAT 9A      
1 37258U 10069A   13127.80879028  .00000049  00000-0  10000-3 0  5765
2 37258   0.0269 308.7421 0002629 246.0394 331.2342  1.00273087  8808
HISPASAT 1E             
1 37264U 10070A   13128.31664740 -.00000229  00000-0  00000+0 0  5568
2 37264   0.0555  90.8362 0004078 344.7708 234.6670  1.00271144  8656
KOREASAT 6              
1 37265U 10070B   13127.84356017 -.00000375  00000-0  00000+0 0  5080
2 37265   0.0278  94.0225 0001622 289.4354 262.0687  1.00272214  8671
ELEKTRO-L 1 (GOMS 2)    
1 37344U 11001A   13127.72143133 -.00000112  00000-0  00000+0 0  6083
2 37344   0.0170 255.8482 0001444 222.8410  82.8820  1.00272021  8457
BEIDOU IGSO 3           
1 37384U 11013A   13127.81903392 -.00000156  00000-0  10000-3 0  5397
2 37384  56.0816  88.6940 0020197 194.8671 357.5128  1.00262009  7663
INTELSAT NEW DAWN       
1 37392U 11016A   13127.80938486  .00000142  00000-0  10000-3 0  4337
2 37392   0.0565  76.4852 0000616  38.6883  74.8017  1.00271679  7527
YAHSAT 1A               
1 37393U 11016B   13127.71306630  .00000087  00000-0  10000-3 0  5630
2 37393   0.0107 257.6277 0001795 181.5269  95.7375  1.00272958  7563
TELSTAR 14R             
1 37602U 11021A   13128.11088788 -.00000293  00000-0  10000-3 0  3969
2 37602   0.0544  64.7262 0002479 348.8254 149.4717  1.00271753  7877
GSAT-8                  
1 37605U 11022A   13127.71960049  .00000071  00000-0  10000-3 0  4567
2 37605   0.0680 260.3818 0004079  50.7702 228.6362  1.00274036  7230
ST-2                    
1 37606U 11022B   13128.57411882 -.00000224  00000-0  10000-3 0  4515
2 37606   0.0222   5.6663 0001438  38.8763 116.7003  1.00273372  7254
CHINASAT 10 (ZX 10)     
1 37677U 11026A   13127.88236919 -.00000366  00000-0  10000-3 0  5255
2 37677   0.0054 284.1469 0003985 259.2184 110.6873  1.00273325  6972
TIANLIAN 1-02           
1 37737U 11032A   13128.52382269  .00000018  00000-0  10000-3 0  5120
2 37737   0.0043 311.8783 0004685 108.3575 171.5946  1.00271444  6719
GSAT-12                 
1 37746U 11034A   13127.80105750 -.00000177  00000-0  10000-3 0  4137
2 37746   0.1042  84.4076 0006541   4.1300 148.5825  1.00269725  6954
SES-3                   
1 37748U 11035A   13127.60046086 -.00000115  00000-0  10000-3 0  4642
2 37748   0.0469  39.6545 0002213 357.5895 301.4008  1.00271458  6675
KAZSAT-2                
1 37749U 11035B   13127.80700800 -.00000213  00000-0  00000+0 0  3885
2 37749   0.0188  44.2981 0000389  27.0511 171.4998  1.00277429  6741
BEIDOU IGSO 4           
1 37763U 11038A   13128.40937149 -.00000094  00000-0  10000-3 0  3960
2 37763  54.8862 210.5639 0022793 188.1569  70.1620  1.00284372  6636
ASTRA 1N                
1 37775U 11041A   13127.92697373  .00000137  00000-0  00000+0 0  3709
2 37775   0.0637  34.6426 0005559  53.1392 140.0273  1.00274820  6455
BSAT-3C (JCSAT-110R)    
1 37776U 11041B   13127.83287773 -.00000364  00000-0  00000+0 0  4220
2 37776   0.0543  76.5223 0000293 104.8744  94.2372  1.00272013  6538
PAKSAT-1R               
1 37779U 11042A   13129.06191032  .00000143  00000-0  00000+0 0  3417
2 37779   0.0167 240.3084 0002490 194.5623 212.4450  1.00274929  6463
CHINASAT 1A (ZX 1A)     
1 37804U 11047A   13128.40350257 -.00000350  00000-0  10000-3 0  4499
2 37804   0.0266 261.2716 0001134 203.1070  37.0881  1.00275304  6099
COSMOS 2473             
1 37806U 11048A   13127.81066552 -.00000149  00000-0  10000-3 0  4292
2 37806   0.0489  86.2920 0001423  27.7087 123.5806  1.00272396  6051
SES-2                   
1 37809U 11049A   13127.42708505 -.00000210  00000-0  00000+0 0  3253
2 37809   0.0342  69.1399 0002767 338.0649 244.9730  1.00271495  6015
ARABSAT-5C              
1 37810U 11049B   13127.23010755  .00000108  00000-0  00000+0 0  3016
2 37810   0.0662  11.6401 0003444  88.2083 228.1633  1.00272097  6034
EUTELSAT 7 WEST A       
1 37816U 11051A   13128.24425650 -.00000073  00000-0  10000-3 0  4424
2 37816   0.0674 342.6565 0002195 143.2264 180.9624  1.00272955  5954
QUETZSAT 1              
1 37826U 11054A   13128.30562554 -.00000254  00000-0  10000-3 0  3857
2 37826   0.0524  73.4766 0002393 336.8873 208.8968  1.00271587  6083
INTELSAT 18 (IS-18)     
1 37834U 11056A   13127.78929264  .00000039  00000-0  00000+0 0  3444
2 37834   0.0149  26.2712 0003090  41.4875 262.1644  1.00272060  5943
EUTELSAT 16A            
1 37836U 11057A   13129.11460998  .00000093  00000-0  10000-3 0  3355
2 37836   0.0674 346.0011 0004447  75.0419 223.2653  1.00272259  5822
VIASAT-1                
1 37843U 11059A   13126.31772721 -.00000041  00000-0  10000-3 0  2795
2 37843   0.0065 271.3011 0002566 127.3973 184.8933  1.00272007  6241
ASIASAT 7               
1 37933U 11069A   13127.93429832 -.00000376  00000-0  00000+0 0  3929
2 37933   0.1224  81.3010 0000851   3.8671 235.0664  1.00270917  5455
BEIDOU IGSO 5           
1 37948U 11073A   13127.90292861 -.00000177  00000-0  10000-3 0  3752
2 37948  54.8047 327.9735 0020913 179.5211 139.1783  1.00272014  5383
AMOS-5                  
1 37950U 11074A   13128.23376331  .00000097  00000-0  00000+0 0  2583
2 37950   0.0334 161.3840 0000324 273.4919 252.4943  1.00273561  5327
LUCH 5A                 
1 37951U 11074B   13127.77375333 -.00000061  00000-0  00000+0 0  3463
2 37951   3.7852 259.6178 0001704 203.7329 207.9838  1.00270011  5170
NIGCOMSAT 1R            
1 38014U 11077A   13128.10971723  .00000132  00000-0  00000+0 0  2962
2 38014   0.0618  78.0600 0001807  15.7939 214.2218  1.00272141  5142
FENGYUN 2F              
1 38049U 12002A   13127.89289483 -.00000371  00000-0  10000-3 0  3545
2 38049   1.3643 277.9642 0003681 251.7905 129.6542  1.00273496  4888
SES-4                   
1 38087U 12007A   13127.28205473 -.00000183  00000-0  00000+0 0  2671
2 38087   0.0186 343.2510 0002244  70.3663 251.1977  1.00272732  4547
BEIDOU G5               
1 38091U 12008A   13127.84792881  .00000040  00000-0  00000+0 0  3350
2 38091   1.1957 317.2428 0002907 136.6340 136.0076  1.00277287  4465
INTELSAT 22 (IS-22)     
1 38098U 12011A   13126.90071343 -.00000075  00000-0  00000+0 0  2268
2 38098   0.0365  73.1679 0002593 355.0928 193.0017  1.00272330  4124
COSMOS 2479             
1 38101U 12012A   13127.76493653 -.00000076  00000-0  10000-3 0  3033
2 38101   1.4672 289.5292 0004414 127.1311 250.1108  1.00272818  4056
APSTAR 7                
1 38107U 12013A   13127.72143065 -.00000115  00000-0  10000-3 0  2803
2 38107   0.0256  25.8795 0002811  27.8778 148.1587  1.00271280  4156
YAHSAT 1B               
1 38245U 12016A   13126.94195605  .00000111  00000-0  10000-3 0  2343
2 38245   0.0037 262.4123 0001896 171.5087 177.7174  1.00273497  3894
JCSAT-13                
1 38331U 12023A   13126.87679288 -.00000372  00000-0  10000-3 0  2040
2 38331   0.0069 310.2929 0001837 124.3848 229.8382  1.00271044  3613
VINASAT-2               
1 38332U 12023B   13125.78321587 -.00000348  00000-0  10000-3 0  2072
2 38332   0.0147   8.4782 0001949  34.9729 234.1552  1.00269510  3592
NIMIQ 6                 
1 38342U 12026A   13128.44479888 -.00000186  00000-0  00000+0 0  2378
2 38342   0.0093 296.3376 0004012  95.9223 263.1793  1.00270949  3586
CHINASAT 2A (ZX 2A)     
1 38352U 12028A   13126.79279736 -.00000308  00000-0  10000-3 0  2581
2 38352   0.0655  61.3456 0002756 346.2374 200.8596  1.00269165  3613
INTELSAT 19 (IS-19)     
1 38356U 12030A   13127.84281228 -.00000070  00000-0  10000-3 0  2243
2 38356   0.0533  32.0792 0002267  12.7261 290.4704  1.00272923  3529
ECHOSTAR 17             
1 38551U 12035A   13125.56196672 -.00000095  00000-0  10000-3 0  1910
2 38551   0.0012 192.3536 0000607 163.5179 322.9178  1.00272275  3080
METEOSAT-10 (MSG-3)     
1 38552U 12035B   13128.05290564 -.00000010  00000-0  00000+0 0  3265
2 38552   1.1828 245.1267 0001981 193.5788 166.7977  1.00281346  3216
SES-5                   
1 38652U 12036A   13128.23196240  .00000021  00000-0  10000-3 0  2033
2 38652   0.0572 267.3198 0002241 139.8475 267.5355  1.00273125  3054
TIANLIAN 1-03           
1 38730U 12040A   13128.23376331  .00000095  00000-0  10000-3 0  2150
2 38730   1.4693 271.8856 0001164 199.8078 215.4319  1.00274004  2989
INTELSAT 20 (IS-20)     
1 38740U 12043A   13127.97588456 -.00000038  00000-0  10000-3 0  2076
2 38740   0.0270 101.2443 0001296 228.2629 316.3008  1.00272537  2816
HYLAS 2                 
1 38741U 12043B   13127.28816432  .00000139  00000-0  00000+0 0  1603
2 38741   0.0606  85.0321 0002036 344.2828 290.7066  1.00275164  2837
INTELSAT 21 (IS-21)     
1 38749U 12045A   13122.36349219 -.00000307  00000-0  10000-3 0  1716
2 38749   0.0156 329.4906 0002507  91.4649 232.3271  1.00269852  2628
ASTRA 2F                
1 38778U 12051A   13127.92697373  .00000136  00000-0  00000+0 0  1285
2 38778   0.0511 248.6160 0003414 248.5182  90.6424  1.00271418  2271
GSAT-10                 
1 38779U 12051B   13127.80400307 -.00000177  00000-0  10000-3 0  1441
2 38779   0.0783  72.8134 0001625 309.9517 215.4123  1.00269937  2273
INTELSAT 23 (IS-23)     
1 38867U 12057A   13128.35750689 -.00000297  00000-0  10000-3 0  1170
2 38867   0.0260 345.0280 0002496  74.3079 242.7034  1.00270122  2105
BEIDOU G6               
1 38953U 12059A   13128.97442810 -.00000148  00000-0  00000+0 0  1383
2 38953   1.4369 276.5902 0002907 142.2546 238.9183  1.00272633  2062
LUCH 5B                 
1 38977U 12061A   13128.36971851 -.00000139  00000-0  00000+0 0  1433
2 38977   0.4772 106.7937 0004391 340.2639 256.3694  1.00267839  2163
YAMAL 300K              
1 38978U 12061B   13128.82090501 -.00000241  00000-0  10000-3 0  1146
2 38978   0.0242 307.9051 0000334 133.2722 171.1969  1.00272857  1872
STAR ONE C3             
1 38991U 12062A   13128.37322959 -.00000261  00000-0  10000-3 0  1330
2 38991   0.0323  58.6104 0002834 355.0423 232.0666  1.00270860  1845
EUTELSAT 21B            
1 38992U 12062B   13126.31699907  .00000112  00000-0  00000+0 0  1387
2 38992   0.0492  11.1795 0002117  46.2479 302.5913  1.00271433  1842
ECHOSTAR 16             
1 39008U 12065A   13126.35332237 -.00000299  00000-0  00000+0 0  1100
2 39008   0.0078 247.2490 0002595 156.3746 246.4355  1.00270462  1774
CHINASAT 15A (ZX 15A)   
1 39017U 12067A   13127.85127931 -.00000209  00000-0  00000+0 0  1292
2 39017   0.0693 264.0209 0000493 307.0504  38.6932  1.00661132  1695
EUTELSAT 70B            
1 39020U 12069A   13128.04853265 -.00000056  00000-0  00000+0 0  2602
2 39020   0.0039 273.6750 0002554 144.5582 255.7546  1.00272528  1599
YAMAL 402               
1 39022U 12070A   13128.04871120  .00000072  00000-0  10000-3 0  1258
2 39022   0.0162 336.9722 0002916  98.7361 222.7644  1.00274438  1581
SKYNET 5D               
1 39034U 12075A   13127.71306372  .00000086  00000-0  10000-3 0  1133
2 39034   0.0575 189.2921 0003230 218.1562 127.7107  1.00270186  1509
MEXSAT 3                
1 39035U 12075B   13127.44721872 -.00000040  00000-0  10000-3 0  1120
2 39035   0.0547  74.8902 0002346 337.9574 218.8066  1.00272242  1452
TDRS 11                 
1 39070U 13004A   13127.45716813  .00000096  00000-0  00000+0 0  1239
2 39070   6.9457 331.6133 0008641 243.2355  25.3314  1.00271668  1016
AMAZONAS 3              
1 39078U 13006A   13128.22177162 -.00000295  00000-0  00000+0 0   885
2 39078   0.0177 199.2508 0001018 209.0651 196.7352  1.00270719   955
AZERSPACE 1             
1 39079U 13006B   13126.24936679  .00000116  00000-0  00000+0 0   805
2 39079   0.0334  74.0668 0002068 353.0669 292.8863  1.00271211   934
TIANLIAN 1-03           
1 38730U 12040A   13128.23376331  .00000095  00000-0  10000-3 0  2150
2 38730   1.4693 271.8856 0001164 199.8078 215.4319  1.00274004  2989
SATMEX 8                
1 39122U 13012A   13127.32439758 -.00000028  00000-0  00000+0 0   349
2 39122   0.0063 335.8503 0001281 106.5056 142.9205  1.00273135   454
ANIK G1                 
1 39127U 13014A   13128.38944653 -.00000089  00000-0  00000+0 0   323
2 39127   0.1928 285.7917 0004465 199.0326 134.1872  1.00296196   259
