TRANSIT 16              
1 02807U 67048A   13127.63547027  .00000108  00000-0  15394-3 0  9275
2 02807  89.6728 157.3739 0022490  97.2646  50.0411 13.49900669262238
TRANSIT 17              
1 02965U 67092A   13127.82849669  .00000124  00000-0  17027-3 0  1452
2 02965  89.2532  14.1683 0045909 270.1738 169.7172 13.52620639249141
TRANSIT 18              
1 03133U 68012A   13128.19993515  .00000106  00000-0  14657-3 0  4330
2 03133  89.9559 281.8277 0075886 172.1730 290.7358 13.50722474224363
NNSS 19                 
1 04507U 70067A   13128.49086627  .00000134  00000-0  18019-3 0  1254
2 04507  89.8243 289.2213 0170815 293.3338  97.6250 13.50355632101477
NNSS O-20               
1 06909U 73081A   13128.16916632  .00000147  00000-0  14134-3 0  6054
2 06909  89.8531 337.4179 0158697 177.3001 333.3086 13.70043699173592
TRANSAT                 
1 10457U 77106A   13127.33744635  .00000103  00000-0  14877-3 0  5425
2 10457  89.7477 207.7073 0027737 136.8973 265.2007 13.48391575747332
NOVA I                  
1 12458U 81044A   13127.51036389  .00000032  00000-0  56042-4 0  8878
2 12458  90.0139 123.3463 0014690 183.4127 282.7309 13.22811524543600
NOVA 3                  
1 15362U 84110A   13127.20248448  .00000095  00000-0  20582-3 0  5986
2 15362  90.0201  50.5559 0033420  54.7171  96.0755 13.22588284378796
OSCAR 30                
1 15935U 85066A   13126.51893578  .00000109  00000-0  17853-3 0  1873
2 15935  90.1015  33.3854 0171158 105.2195 356.3586 13.35410165350118
OSCAR 24                
1 15936U 85066B   13128.31745747  .00000145  00000-0  24509-3 0  8512
2 15936  90.0891  28.9650 0171902 103.7780  45.0318 13.35300452352466
POLAR BEAR              
1 17070U 86088A   13127.49968395  .00000122  00000-0  11699-3 0   155
2 17070  89.5379  39.3546 0037038 313.3961 169.6550 13.74505806327727
OSCAR 27                
1 18361U 87080A   13127.44254035  .00000060  00000-0  84191-4 0  1459
2 18361  90.3591 283.4434 0107029  78.3463 293.1699 13.44226928257415
OSCAR 29                
1 18362U 87080B   13128.06710347  .00000090  00000-0  13471-3 0  4045
2 18362  90.3597 283.6486 0108833  89.9173  45.0609 13.43841641257218
OSCAR 23                
1 19070U 88033A   13128.17550229  .00000112  00000-0  21178-3 0  6482
2 19070  90.3165 223.6471 0189232  12.7778  45.3977 13.27235669212313
OSCAR 32                
1 19071U 88033B   13127.34395796  .00000038  00000-0  60696-4 0  9789
2 19071  90.3165 223.7046 0187460   5.7711  25.8209 13.27430110212390
NOVA 11                 
1 19223U 88052A   13128.41648325  .00000041  00000-0  76511-4 0  1483
2 19223  89.9847  91.1769 0032716  91.9181  54.3150 13.22515200201489
OSCAR 25                
1 19419U 88074A   13129.12227047  .00000092  00000-0  14211-3 0  3900
2 19419  89.9629  22.9194 0097893  45.2354  68.5088 13.41960260209520
OSCAR 31                
1 19420U 88074B   13127.74272302  .00000105  00000-0  16558-3 0   641
2 19420  89.9633  22.8823 0095925  43.5625 349.8308 13.41992750209441
