SIRIUS-1                
1 26390U 00035A   13124.23808570 -.00000098  00000-0  00000+0 0  1733
2 26390  60.2983 243.6103 2674552 269.4771  58.8096  1.00265435 47054
SIRIUS-2                
1 26483U 00051A   13127.43789737  .00000114  00000-0  00000+0 0  8063
2 26483  64.0593 123.6433 2688850 270.1355 253.0852  1.00282464 46411
SIRIUS-3                
1 26626U 00077A   13128.11880397 -.00000165  00000-0  00000+0 0  1150
2 26626  64.4022   3.7013 2669713 270.0261 259.5509  1.00276058 45551
XM-2 (ROCK)             
1 26724U 01012A   13128.47808089 -.00000035  00000-0  00000+0 0  5112
2 26724   0.1412 276.8903 0003046  36.7041 329.7112  1.00272123 44540
XM-1 (ROLL)             
1 26761U 01018A   13126.49339644 -.00000039  00000-0  00000+0 0  3522
2 26761   0.0942 258.3736 0003090 314.8454  73.6133  1.00272540 43993
XM-3 (RHYTHM)           
1 28626U 05008A   13129.47921848 -.00000215  00000-0  10000-3 0  3735
2 28626   0.0376  83.0741 0000482 118.7160 113.0659  1.00270782 30064
XM-4 (BLUES)            
1 29520U 06049A   13126.32435918 -.00000040  00000-0  10000-3 0   388
2 29520   0.0527  76.6606 0000249 247.9948 261.1460  1.00271804 23977
