RADUGA 32               
1 23448U 94087A   13126.27240510 -.00000103  00000-0  10000-3 0  6225
2 23448  12.9565  35.9120 0005999 111.3301 248.6521  1.00283974 84917
RADUGA-1 4              
1 25642U 99010A   13126.35697712  .00000039  00000-0  10000-3 0  7131
2 25642  11.9780  49.4189 0002707  59.2658 300.6568  1.00344684 51951
RADUGA-1 5              
1 26477U 00049A   13126.36719382  .00000079  00000-0  10000-3 0  5841
2 26477   9.5949  49.7414 0004105  12.3081 347.5902  1.00224936 46465
RADUGA-1 7              
1 28194U 04010A   13126.29764415 -.00000275  00000-0  10000-3 0  7010
2 28194   7.1010  62.8199 0003506  16.6982 343.1905  1.00374206 33370
RADUGA-1M 1             
1 32373U 07058A   13127.08332771 -.00000054  00000-0  00000+0 0  5505
2 32373   0.0038 256.8625 0003242 178.2312 249.9777  1.00272186 20701
