ISS (ZARYA)             
1 25544U 98067A   14063.11361230  .00023835  00000-0  40911-3 0  8067
2 25544  51.6479 260.4419 0003322 206.6302 253.0871 15.51034134875024
TIANGONG 1
1 37820U 11053A   12312.35126779  .00027117  00000-0  24424-3 0  2900
2 37820  42.7822 263.7517 0002699 325.4454 172.6109 15.67633055 63737
SOYUZ-TMA 05M
1 38671U 12037A   12302.47383102  .00017031  00000-0  29195-3 0   772
2 38671  51.6480 179.2942 0016625 218.2343 153.8273 15.51173722 16378
PROGRESS-M 16M
1 38738U 12042A   12302.47383102  .00017031  00000-0  29195-3 0   592
2 38738  51.6480 179.2942 0016625 218.2343 153.8273 15.51173722 13616
SFERA
1 38751U 98067CM  12312.51936962  .00386346  00000-0  17391-2 0  1247
2 38751  51.6343 121.0986 0012427 251.0664 109.0343 15.82365569 12312
DRAGON CRS-1
1 38846U 12054A   12301.64128421  .00023436  00000-0  39857-3 0   305
2 38846  51.6482 183.4222 0016775 215.0488 184.8891 15.51161174  3052
RAIKO
1 38852U 98067CN  12311.97518919  .00024314  00000-0  37919-3 0   327
2 38852  51.6476 131.7799 0018068 243.9762 115.9343 15.53527951  5116
FITSAT-1 (NIWAKA)
1 38853U 98067CP  12311.77755295  .00028287  00000-0  43414-3 0   326
2 38853  51.6478 132.7108 0014509 255.3050 104.6313 15.53945594  5138
TECHEDSAT
1 38854U 98067CQ  12311.57496445  .00039244  00000-0  57970-3 0   365
2 38854  51.6471 133.6083 0014316 252.8653 107.0183 15.54829764  5101
F-1
1 38855U 98067CR  12311.76929167  .00037541  00000-0  55704-3 0   371
2 38855  51.6486 132.6587 0014824 249.4516 110.4873 15.54719119  5027
WE-WISH
1 38856U 98067CS  12311.94585594  .00062938  00000-0  86924-3 0   471
2 38856  51.6437 131.5835 0019121 247.2156 112.6808 15.56350072  5055
SOYUZ-TMA 06M
1 38871U 12058A   12302.47383102  .00017031  00000-0  29195-3 0   126
2 38871  51.6480 179.2942 0016625 218.2343 153.8273 15.51173722   766
PROGRESS-M 17M
1 38975U 12060A   12308.60237752  .00008275  00000-0  14627-3 0    72
2 38975  51.6459 148.8833 0015587 239.7063 178.3146 15.51155360   513
