ANIK G1                 
1 39127U 13014A   13128.38944653 -.00000089  00000-0  00000+0 0   323
2 39127   0.1928 285.7917 0004465 199.0326 134.1872  1.00296196   259
BREEZE-M R/B            
1 39128U 13014B   13127.95720382 -.00000056  00000-0  00000+0 0   310
2 39128  13.9121 131.2714 4771315   7.8755 357.5671  1.90425213   406
BREEZE-M DEB [TANK]     
1 39129U 13014C   13127.49611196  .00002632  00000-0  15401-2 0   227
2 39129  49.4136 121.2841 6119080   4.8269 359.0531  3.80185238   820
BION M1                 
1 39130U 13015A   13128.42178515  .00000967  00000-0  92527-4 0   615
2 39130  64.8792 333.4874 0016389 200.3293 159.7223 14.99163497  2859
OSSI-1                  
1 39131U 13015B   13113.49391669  .00171511  13909-4  85875-3 0    37
2 39131  64.8913  19.7169 0213781  58.2074 115.1737 15.55484603   636
DOVE-2                  
1 39132U 13015C   13129.02618759  .00002840  00000-0  24730-3 0   468
2 39132  64.8764 331.6210 0014570 193.3432 166.7307 14.98862051  2953
AIST-2                  
1 39133U 13015D   13129.09007036  .00001970  00000-0  17474-3 0   477
2 39133  64.8764 331.3983 0014830 199.4352 160.6197 14.99087218  2961
BEESAT-3                
1 39134U 13015E   13128.34702500  .00005634  00000-0  46312-3 0   365
2 39134  64.8798 333.6682 0018391 207.4674 152.5492 14.99958185  2859
SOMP                    
1 39135U 13015F   13125.01332999  .00004218  00000-0  35070-3 0   296
2 39135  64.8781 344.1265 0018172 209.7272 150.2911 14.99905163  2356
BEESAT-2                
1 39136U 13015G   13128.34675448  .00005013  00000-0  41354-3 0   381
2 39136  64.8787 333.6643 0017654 207.9738 152.0419 14.99972786  2850
SL-4 R/B                
1 39137U 13015H   13127.89785332  .00186281  15815-4  77973-3 0   405
2 39137  64.9016 330.2624 0199107  53.1585 308.7646 15.61400849  2885
BELL                    
1 39145U 13016D   13129.50367990  .05822087  12555-4  23796-3 0   522
2 39145  51.6127 213.7506 0005113 315.3015  45.0077 16.43584820  2756
PROGRESS-M 19M          
1 39148U 13017A   13116.76879005  .00011447  00000-0  19028-3 0   194
2 39148  51.6476   3.4048 0010045 185.6357 248.8414 15.52521452   373
GAOFEN 1                
1 39150U 13018A   13128.55920050  .00000595  00000-0  93951-4 0   465
2 39150  98.0657 204.2850 0018041 201.5406 158.5046 14.75952172  1821
2013-018B               
1 39151U 13018B   13128.42055938  .00001546  00000-0  22995-3 0   439
2 39151  98.0758 204.1690 0017314 207.1281 152.9020 14.76329586  1806
2013-018C               
1 39152U 13018C   13129.16719341  .00001752  00000-0  26023-3 0   454
2 39152  98.0531 204.8800 0017706 202.9807 157.0621 14.76211079  1909
2013-018D               
1 39153U 13018D   13129.09826832  .00001697  00000-0  25157-3 0   388
2 39153  98.0754 204.8454 0017777 204.9430 155.0924 14.76340237  1918
CZ-2D R/B               
1 39154U 13018E   13129.18894181  .00000638  00000-0  10576-3 0   249
2 39154  98.3622 205.4374 0020318 163.6365 196.5503 14.73723094  1924
COSMOS 2485 [GLONASS-M] 
1 39155U 13019A   13128.44287289 -.00000031  00000-0  00000+0 0   182
2 39155  64.7719 234.8652 0006925 288.1451  18.4832  2.12734596   252
FREGAT R/B              
1 39156U 13019B   13119.90000000  .00000004  00000-0  00000+0 0   109
2 39156  64.7140 235.0870 0078348 125.5310  63.8540  2.08295197    76
CHINASAT 11 (ZX 11)     
1 39157U 13020A   13122.20705038 -.00000114  24526-6  00000+0 0    43
2 39157  26.6555  98.4972 7614869 179.6296 355.0180  1.89694972    03
CZ-3B R/B               
1 39158U 13020B   13128.68858016 -.00000331  00000-0  00000+0 0    87
2 39158  26.6518  97.2682 7641168 182.5558 343.0120  1.85033729   176
PROBA-V                 
1 39159U 13021A   13128.42346181  .00008881  00000-0  39794-2 0    55
2 39159  98.7257 207.6581 0004784  54.0559 306.1011 14.22718569   183
VNREDSAT 1              
1 39160U 13021B   13128.52182430  .00005798  00000-0  10499-2 0    70
2 39160  98.1321 206.9901 0001926  25.3828 334.7400 14.66697732   190
ESTCUBE 1               
1 39161U 13021C   13128.51977891  .00004909  00000-0  84699-3 0    47
2 39161  98.1292 206.9847 0008950 232.6372 127.3903 14.68894519   174
AVUM DEB [ADAPTOR]      
1 39162U 13021D   13128.54250223  .00007338  00000-0  19959-2 0    61
2 39162  98.7332 207.8348 0101449  53.1544 307.8896 14.44757026   201
