SAUDISAT 1A             
1 26545U 00057A   12290.19751142  .00000969  00000-0  13816-3 0  2874
2 26545  64.5536 325.4118 0054140 288.2018  71.3198 14.81743390651427
UNISAT                  
1 26547U 00057C   12289.10364274  .00001616  00000-0  20453-3 0  3068
2 26547  64.5549 301.6184 0057430 293.3611  66.1531 14.84312457651829
SAUDISAT 1B             
1 26549U 00057E   12289.56162992  .00000788  00000-0  11895-3 0  3758
2 26549  64.5536 350.8691 0056840 292.7191  66.7915 14.80536071650856
MOZHAYETS               
1 27560U 02054B   12290.06277578  .00000503  00000-0  12363-3 0  9296
2 27560  97.9727  87.0680 0043158  19.5695 340.7146 14.55743391523735
SAUDISAT 1C             
1 27607U 02058C   12290.06156812  .00000819  00000-0  14443-3 0  8907
2 27607  64.5573 287.1607 0074903 224.1520 135.3606 14.72570816527766
UNISAT 2                
1 27608U 02058D   12289.87212360  .00000726  00000-0  12469-3 0  8987
2 27608  64.5563 236.1044 0055966 220.7203 138.9725 14.75392164528812
SAUDISAT 2              
1 28371U 04025F   12290.06113953  .00000320  00000-0  87067-4 0  3030
2 28371  97.9320 289.1263 0025140 228.4175 131.4874 14.53288844440086
UNISAT 3                
1 28373U 04025H   12289.96910618  .00000602  00000-0  18340-3 0  3571
2 28373  98.1136 257.5463 0070331 355.7394   4.3208 14.43928143437689
SSETI EXPRESS (XO-53)   
1 28894U 05043E   12289.60696545  .00000304  00000-0  72038-4 0  5117
2 28894  97.8916 148.7060 0018173 131.8849 228.3912 14.60170746371322
SAUDISAT 3              
1 31118U 07012B   12290.21161669  .00000213  00000-0  45026-4 0  9043
2 31118  97.8577 342.4835 0014908 328.0253  32.0060 14.68311119294745
