ATS 1                   
1 02608U 66110A   12288.61328831 -.00000004  00000-0  10000-3 0  3626
2 02608   5.8704 305.4744 0006886 189.8377 169.9522  1.00398138 84706
ATS 3                   
1 03029U 67111A   12289.08971621 -.00000113  00000-0  10000-3 0    54
2 03029   7.6360 311.0820 0017262  88.4102 271.6543  1.00272273164579
ORIZURU (DEBUT)         
1 20479U 90013B   12289.82791534 -.00000026  00000-0  22181-4 0  3672
2 20479  99.0656 359.4167 0538331 288.1266  66.1933 12.83733743 63143
SURFSAT                 
1 23711U 95059B   12290.00718489  .00000012  00000-0  11427-3 0  2032
2 23711 100.3830 275.7389 0367670 225.5090 131.5457 13.12611999812070
MAQSAT H                
1 25023U 97066A   12288.41932286  .00000158  00000-0  11334-2 0  1604
2 25023   7.5973 254.0114 6497583  53.2528 350.3659  3.09614532169009
MAQSAT B                
1 25024U 97066B   12290.13867976  .00000024  00000-0  22600-3 0  1814
2 25024   7.6252 250.1169 6508698  60.2293 348.7414  3.08782864168861
TEAMSAT                 
1 25025U 97066C   12288.43521289 -.00000175  00000-0 -13667-2 0  1618
2 25025   7.7351 270.0253 6509771  21.5325 356.4955  3.07922801168331
OPAL (OO-38)            
1 26063U 00004C   12289.52025766  .00000108  00000-0  56943-4 0  5194
2 26063 100.2303 313.6247 0037147  76.2807 284.2513 14.36121678666514
FALCONSAT               
1 26064U 00004D   12289.11113514  .00000100  00000-0  54617-4 0  4792
2 26064 100.2309 310.3130 0038387  86.9328 273.6239 14.35646162666267
PICOSAT 1 & 2 [TETHERED]
1 26080U 00004H   12290.13287211  .00000468  00000-0  16298-3 0  9659
2 26080 100.2048 348.7495 0032228 358.4461   1.6655 14.41114343666705
PICOSAT 3               
1 26091U 00004J   12290.20003485  .00000974  00000-0  29564-3 0  6174
2 26091 100.1950   7.0162 0030690 301.4697  58.3521 14.44884394667057
PICOSAT 4               
1 26092U 00004K   12290.16056017  .00000512  00000-0  17592-3 0  4342
2 26092 100.2005 341.3935 0034047 353.7448   6.3315 14.41192969665921
PICOSAT 5               
1 26093U 00004L   12289.73760212  .00001364  00000-0  39236-3 0  3516
2 26093 100.1863  16.5278 0031488 274.8282  84.9308 14.46652632667816
PICOSAT 6               
1 26094U 00004M   12290.09292795  .00000445  00000-0  15776-3 0  4236
2 26094 100.2112 338.6546 0034819   8.6373 351.5520 14.40437968665337
SNAP 1                  
1 26386U 00033C   12289.71821599  .00000805  00000-0  15568-3 0  7398
2 26386  98.2249 349.5652 0011201 343.3963  16.6866 14.66047441657335
PICOSAT 9               
1 26930U 01043B   12289.86911852 -.00000004  00000-0  30642-4 0  1457
2 26930  67.0008 138.7241 0010386 245.4905 114.5122 14.30227736576713
PROBA-1                 
1 26958U 01049B   12290.07333829  .00000602  00000-0  62989-4 0  4062
2 26958  97.4666 312.2909 0078063 279.5361  79.7089 14.91071570597043
BIRD 2                  
1 26959U 01049C   12290.08682990  .00003967  00000-0  19810-3 0  1978
2 26959  97.8892 134.1800 0013161 220.8136 285.5484 15.18047853606197
CUTE-1 (CO-55)          
1 27844U 03031E   12288.61848717  .00000245  00000-0  13313-3 0  4849
2 27844  98.7046 295.2732 0008886 236.1518 123.8823 14.21088971481851
CANX-1                  
1 27847U 03031H   12288.57065176  .00000163  00000-0  94597-4 0  3984
2 27847  98.6940 295.5352 0008643 209.3786 150.6904 14.21309742481914
CUBESAT XI-IV (CO-57)   
1 27848U 03031J   12288.57290832  .00000165  00000-0  96798-4 0  4331
2 27848  98.7121 294.6172 0008755 241.6343 118.3964 14.20831637481783
NAXING 1                
1 28221U 04012B   12289.91852099  .00001180  00000-0  12951-3 0  3284
2 28221  97.4855 269.6508 0012574 110.3754 249.8861 14.89374825461292
ST5-A                   
1 28980U 06008A   12290.06111770  .00014289  00000-0  76155-3 0   776
2 28980 105.6419 321.1105 2263104 206.3161 140.3056 10.81336850255034
ST5-B                   
1 28981U 06008B   12290.28184716  .00037856  19550-5  11376-2 0  1270
2 28981 105.5014  23.2484 2123512 114.3902 269.2780 11.18500895258529
ST5-C                   
1 28982U 06008C   12288.95238574  .00043654  19461-5  15025-2 0  1903
2 28982 105.5368   3.2041 2176160 147.3814 228.2656 11.05681676257220
GENESIS 1               
1 29252U 06029A   12288.91269483  .00003287  00000-0  22955-3 0  7310
2 29252  64.5041  60.5386 0039279 224.8785 134.9155 15.06600652343791
FALCONSAT-3             
1 30776U 07006E   12289.22497318  .00004474  00000-0  28367-3 0  4593
2 30776  35.4327 263.1865 0002622 313.4394  46.6116 15.08474599308387
GENESIS 2               
1 31789U 07028A   12289.55582535  .00002719  00000-0  19105-3 0  4774
2 31789  64.5018  91.6294 0056556 273.7619  85.7032 15.06165276291069
APRIZESAT 4             
1 35684U 09041D   12289.21572197  .00000845  00000-0  12566-3 0    98
2 35684  98.0559 199.9804 0049268 189.8690 170.1552 14.76828067173139
APRIZESAT 3             
1 35686U 09041F   12289.54121007  .00000637  00000-0  80080-4 0   238
2 35686  98.0918 214.1139 0078440 156.0504 204.4392 14.83675516173955
PROBA-2                 
1 36037U 09059B   12289.60454854 -.00000045  00000-0  00000+0 0  9494
2 36037  98.2970 118.5484 0013126 178.7685 181.3545 14.52274728156519
PRISMA (MANGO)          
1 36599U 10028B   12290.18052068  .00000512  00000-0  16962-3 0  2759
2 36599  98.3118 101.7652 0044147 137.5605 334.0031 14.41272436122938
PRISMA (TANGO)          
1 36827U 10028F   12290.18052068  .00000510  00000-0  16889-3 0  8867
2 36827  98.3117 101.7650 0044184 137.5143 334.0014 14.41272464114705
APRIZESAT 5             
1 37792U 11044E   12290.18779379  .00000618  00000-0  10217-3 0  2669
2 37792  98.2328  15.0580 0062350  81.1874 279.6393 14.72800762 62673
APRIZESAT 6             
1 37793U 11044F   12290.08858942  .00000616  00000-0  10930-3 0  2843
2 37793  98.2301  12.9670 0050081  83.9320 276.7589 14.70085725 62548
ALMASAT-1               
1 38078U 12006B   12289.82740377  .00026923  00000-0  74775-3 0  6548
2 38078  69.4777  43.1799 0736426  97.2180 271.3190 14.13910589 34579
