HETE-2                  
1 26561U 00061A   12293.19968177  .00004291  00000-0  27716-3 0  8038
2 26561   1.9504 187.9279 0021794  57.6816 302.5743 14.98900770658233
TOPEX/POSEIDON          
1 22076U 92052A   12294.87532827 -.00000038  00000-0  10000-3 0  9665
2 22076  66.0317  53.0028 0007495 265.1345  94.8814 12.80969786944727
TRMM                    
1 25063U 97074A   12295.10366055  .00027612  00000-0  38599-3 0  1344
2 25063  34.9604 176.1914 0000638 242.4706 117.6435 15.55827027850546
WISE                    
1 36119U 09071A   12295.16933769  .00003560  00000-0  18815-3 0  8258
2 36119  97.5193 298.5091 0003837 125.2655 234.8937 15.16132366157572
LANDSAT 7               
1 25682U 99020A   12296.09963526  .00000417  00000-0  10262-3 0  5546
2 25682  98.2228   2.9566 0001390  90.4459 269.6901 14.57103255719168
HINODE (SOLAR-B)        
1 29479U 06041A   12295.62938101  .00000683  00000-0  14215-3 0  9152
2 29479  98.1082 292.7633 0018052 158.4297 201.7642 14.63003828324720
IUE                     
1 10637U 78012A   12295.19319175 -.00000203  00000-0  00000+0 0  8310
2 10637  43.9202 359.1788 1484101 177.1851 183.7453  1.00055192 79683
TERRA                   
1 25994U 99068A   12296.11435598  .00000569  00000-0  13647-3 0  4952
2 25994  98.2208   8.3422 0001052  87.0603 273.0734 14.57104911683243
SWIFT                   
1 28485U 04047A   12294.77665158  .00004020  00000-0  31801-3 0  2787
2 28485  20.5526  77.3368 0013848 117.7617 242.4280 14.95346449432524
TRACE                   
1 25280U 98020A   12295.57404583  .00004492  00000-0  34357-3 0  3191
2 25280  97.5934 135.6335 0028945  83.3578 277.0934 15.02082678794274
TERRIERS                
1 25735U 99026A   12295.18465303  .00004997  00000-0  18471-3 0  7145
2 25735  97.0849 127.8633 0007963  50.0178 310.1761 15.28114094745142
SORCE                   
1 27651U 03004A   12295.43490450  .00002545  00000-0  31496-3 0  9268
2 27651  39.9971  45.6103 0025266 214.8674 145.0485 14.83933150527753
SEASAT 1                
1 10967U 78064A   12296.23268885  .00000253  00000-0  11721-3 0  8400
2 10967 108.0074 353.9315 0002843 273.5087  86.5731 14.42582538801510
FAST                    
1 24285U 96049A   12295.72549613  .00010021  00000-0  86472-3 0  6008
2 24285  82.9680 161.1860 1962660 351.6460   5.5855 11.34103662656501
CALIPSO                 
1 29108U 06016B   12296.13511037  .00001236  00000-0  28422-3 0   954
2 29108  98.2075 236.9801 0001317  90.6909 269.4447 14.57120138344949
SWAS                    
1 25560U 98071A   12296.15504957  .00002563  00000-0  28328-3 0   318
2 25560  69.9026 199.4104 0010929 231.7045 128.3126 14.88649368752210
ACRIMSAT                
1 26033U 99070B   12295.62892162  .00000369  00000-0  83858-4 0  6838
2 26033  97.8177 136.7180 0027867 311.2443  48.6355 14.60976057684003
AQUA                    
1 27424U 02022A   12295.51596349  .00000150  00000-0  43387-4 0  4659
2 27424  98.2084 234.1474 0001619  95.0273 265.1017 14.57117584556764
AURA                    
1 28376U 04026A   12295.65890080  .00000981  00000-0  22773-3 0  6093
2 28376  98.2077 236.4645 0001323 101.9173 258.2139 14.57105959439835
GALEX                   
1 27783U 03017A   12295.65791315  .00001043  00000-0  19009-3 0  6205
2 27783  28.9999  16.6192 0004119 223.2430 136.7856 14.60471185506599
NUSTAR                  
1 38358U 12031A   12294.87010825  .00003931  00000-0  39886-3 0   818
2 38358   6.0259   4.9207 0013655  13.1855 346.8898 14.82111913 19205
COBE                    
1 20322U 89089A   12296.15462563  .00000388  00000-0  27073-3 0  8805
2 20322  99.0060 302.6848 0008123 322.3367  37.7222 14.04519815174830
CRRES                   
1 20712U 90065A   12292.56360123  .00001511  00000-0  15650-2 0  5166
2 20712  18.0634 282.7898 7125930 290.6649 282.6018  2.43682301186734
INTEGRAL                
1 27540U 02048A   12295.41666667 -.00000211  00000-0  00000-0 0  2126
2 27540  64.7443 277.5628 8832581 251.7097 355.2428  0.33421799  8387
AIM                     
1 31304U 07015A   12295.82423788  .00005335  00000-0  47330-3 0  8484
2 31304  97.8422  44.5958 0011103 117.3975 242.8383 14.96568113299283
RHESSI                  
1 27370U 02004A   12295.15776427  .00007197  00000-0  47352-3 0  9632
2 27370  38.0360 174.9342 0012347 106.5396 253.6724 15.07313028587748
XMM-NEWTON              
1 25989U 99066A   12295.53822891  .00000292  00000-0  00000-0 0    17
2 25989  63.5910  75.4368 6973124  96.0942   0.3232  0.50129692 12359
ERBS                    
1 15354U 84108B   12296.04665634  .00005978  00000-0  27785-3 0   670
2 15354  56.9992 134.3231 0024300 151.4911 208.7469 15.21094334537674
IMAGE                   
1 26113U 00017A   12294.94994427 -.00000162  00000-0  10000-3 0  2736
2 26113  93.1585 227.5730 7626456 141.9117 310.2402  1.68638951 77421
QUIKSCAT                
1 25789U 99034A   12295.08999586  .00000085  00000-0  52941-4 0  4295
2 25789  98.6198 122.4072 0000899  27.5128 332.6105 14.26935322694706
SAMPEX                  
1 22012U 92038A   12296.23163077  .00415631  74495-4  72289-3 0  1253
2 22012  81.6255 326.0102 0012348 216.0100 144.0321 16.02042812123814
POLAR                   
1 23802U 96013A   12293.65063483  .00000042  00000-0  10000-3 0  3215
2 23802  81.7001 307.5225 6632664  32.4266 355.0074  1.29845431 80081
TIMED                   
1 26998U 01055B   12295.81041842  .00001500  00000-0  17932-3 0  3177
2 26998  74.0730  90.6971 0002258 254.0230 106.0701 14.85165181588929
CLEMENTINE              
1 25978U 99064B   12295.51298634  .00003594  00000-0  39650-3 0  7452
2 25978  98.1315  50.1032 0010774 102.2187 258.0234 14.88102427697475
CLOUDSAT                
1 29107U 06016A   12295.99871431 -.00001420  00000-0 -30526-3 0   644
2 29107  98.2077 237.2989 0000834 106.2575 253.9025 14.57097493344999
