LANDSAT 4               
1 13367U 82072A   12289.62237945  .00003574  00000-0  24403-3 0  1783
2 13367  98.2775 296.8810 0015722 204.3718 155.6764 15.06827818627337
TDRS 1                  
1 13969U 83026B   12288.15420235 -.00000086  00000-0  10000-3 0  4725
2 13969  13.8498   1.2665 0023936 129.2952 230.9178  0.98743471 81053
LANDSAT 5               
1 14780U 84021A   12290.07908324  .00000285  00000-0  73054-4 0  4085
2 14780  98.1333 352.7737 0001584 280.9570  79.1451 14.57153161522596
ERBS                    
1 15354U 84108B   12289.86881878  .00004900  00000-0  23070-3 0   624
2 15354  56.9991 160.0263 0025095 142.2448 218.0365 15.21016068536732
TDRS 3                  
1 19548U 88091B   12288.17959023 -.00000291  00000-0  10000-3 0  9470
2 19548  13.8489  26.8991 0007037 353.9908  18.1521  1.00279337 75339
TDRS 4                  
1 19883U 89021B   12288.86794883  .00000010  00000-0  00000+0 0  3100
2 19883  11.1281  33.2039 0012626 200.2660 159.6698  0.98482190258851
HST                     
1 20580U 90037B   12289.75348538  .00002496  00000-0  16927-3 0   898
2 20580  28.4706  74.3275 0002987 264.9493 193.5502 15.02895529 32887
TDRS 5                  
1 21639U 91054B   12288.54128544  .00000101  00000-0  00000+0 0  1548
2 21639  12.3389  40.9821 0012298 353.4532  16.2469  1.00272147 77657
TOPEX/POSEIDON          
1 22076U 92052A   12289.87862285 -.00000038  00000-0  10000-3 0  9236
2 22076  66.0319  63.3827 0007488 265.2193  94.7967 12.80969766944089
TDRS 6                  
1 22314U 93003B   12289.47726001 -.00000288  00000-0  10000-3 0  1744
2 22314  11.7535  43.8081 0007123 321.2440 128.9360  1.00278337 72389
TDRS 7                  
1 23613U 95035B   12288.91727167 -.00000193  00000-0  10000-3 0  3170
2 23613  13.3156  34.3685 0028048 348.0531  56.5768  1.00274387 63188
RXTE (XTE)              
1 23757U 95074A   12289.20065469  .00006147  00000-0  15809-3 0  7478
2 23757  22.9888 333.0855 0007470 172.8888 187.1811 15.35490999932252
TRMM                    
1 25063U 97074A   12290.16345290  .00025032  00000-0  34561-3 0  1296
2 25063  34.9616 208.8731 0001678 258.3328 101.7593 15.56174122849774
KIKU-7 (ETS-VII)        
1 25064U 97074B   12289.89383710  .00008882  00000-0  26520-3 0  7346
2 25064  34.9702 240.6368 0004434 168.1592 191.9244 15.33830266827206
ISS (ZARYA)             
1 25544U 98067A   12290.31783432  .00018621  00000-0  32204-3 0  4734
2 25544  51.6476 239.5903 0017594 171.8936 324.1113 15.50835676796837
LANDSAT 7               
1 25682U 99020A   12290.05667055  .00000400  00000-0  98802-4 0  5363
2 25682  98.2250 356.9906 0001301 101.8191 258.3152 14.57097918718288
FUSE 1                  
1 25791U 99035A   12288.82556010  .00000375  00000-0  58411-4 0  3631
2 25791  24.9855  74.4928 0010345  89.0616 271.1076 14.42070571702033
TERRA                   
1 25994U 99068A   12290.07140037 -.00002668  00000-0 -58263-3 0  4779
2 25994  98.2193   2.3765 0001103  73.7225 286.4161 14.57087777682363
TDRS 8                  
1 26388U 00034A   12288.98972576 -.00000222  00000-0  10000-3 0  7458
2 26388   4.2081  75.1469 0004933 112.9503 281.1621  1.00266858 45125
EO-1                    
1 26619U 00075A   12290.07815490  .00001537  00000-0  31049-3 0  8281
2 26619  98.0658 352.3655 0011268  92.1221 268.1352 14.62746162634106
TIMED                   
1 26998U 01055B   12290.01733739  .00001393  00000-0  16686-3 0  3127
2 26998  74.0724 102.1749 0002237 257.1513 102.9417 14.85147722588064
TDRS 9                  
1 27389U 02011A   12289.33906988 -.00000264  00000-0  10000-3 0   102
2 27389   1.8333 125.6074 0011516 258.2728  81.2922  1.00278751 40371
AQUA                    
1 27424U 02022A   12289.54172137 -.00000854  00000-0 -17957-3 0  4599
2 27424  98.2068 228.2586 0001448  85.6829 274.4348 14.57103526555890
TDRS 10                 
1 27566U 02055A   12287.54577109  .00000082  00000-0  10000-3 0  7257
2 27566   1.7830  64.4528 0010021 171.0295 169.2055  1.00277053 36175
SORCE                   
1 27651U 03004A   12289.57973354  .00001455  00000-0  18691-3 0  9211
2 27651  39.9957  77.9984 0024533 174.3056 185.8063 14.83902723526881
GALEX                   
1 27783U 03017A   12289.64369524  .00000815  00000-0  14389-3 0  6156
2 27783  28.9971  53.2617 0004339 173.3497 186.7147 14.60460396505713
GP-B                    
1 28230U 04014A   12290.20408195  .00000725  00000-0  10148-3 0  5556
2 28230  89.9099 147.4888 0003372  91.1700 268.9907 14.76710713457312
AURA                    
1 28376U 04026A   12289.95928570  .00000880  00000-0  20542-3 0  6040
2 28376  98.2061 230.8468 0001218  95.8839 264.2535 14.57094525439004
SWIFT                   
1 28485U 04047A   12288.90523462  .00002614  00000-0  19436-3 0  2761
2 28485  20.5548 117.8470 0013452  45.6976 314.4653 14.95305288431642
THEMIS A                
1 30580U 07004A   12285.08769513  .00000059  00000-0  00000+0 0  4914
2 30580  10.1878  93.0709 8151092  12.0955 334.5111  1.03872601 20074
THEMIS D                
1 30797U 07004D   12283.00000000  .00000021  00000-0  00000+0 0  6442
2 30797   7.3328  55.6647 8091207  44.9237 357.3842  1.03518395 19906
THEMIS E                
1 30798U 07004E   12283.00000000  .00000007  00000-0  00000+0 0  6559
2 30798   6.8395  68.3450 8044372  34.7466 325.1859  1.03914799 20057
AIM                     
1 31304U 07015A   12290.27466655  .00005219  00000-0  46386-3 0  8434
2 31304  97.8425  39.0304 0011064 134.0300 226.1835 14.96509784298458
C/NOFS                  
1 32765U 08017A   12289.68335891  .00025309  00000-0  10054-2 0  1571
2 32765  12.9952  93.3045 0254061 137.4988 224.5220 14.98040313244645
FGRST (GLAST)           
1 33053U 08029A   12289.73051542  .00000282  00000-0  00000+0 0  1715
2 33053  25.5813  57.6395 0013820  52.3741 307.8224 15.06497670239411
WISE                    
1 36119U 09071A   12290.15333805  .00003122  00000-0  16558-3 0  8219
2 36119  97.5199 293.5401 0003419 139.2741 220.8747 15.16094587156817
